/usr/bin/python3.6 /home/higornucci/projetos/classificacao-aulas/dissertacao/5_3_selecao_modelo.py
Classes para balancear [2, 3]
EditedNearestNeighbours(kind_sel='mode', n_jobs=2, n_neighbors=4,
            random_state=None, ratio=None, return_indices=False,
            sampling_strategy=[2, 3])
(80.0, '/', 20.0)
X Treino          tipificacao     maturidade   peso_carcaca  questionario_classificacao_estabelecimento_rural  possui_outros_incentivos  fabrica_racao  area_total_destinada_confinamento  area_manejada_80_boa_cobertura_vegetal  area_manejada_20_erosao  dispoe_de_identificacao_individual  rastreamento_sisbov  faz_controle_pastejo_regua_de_manejo_embrapa     lita_trace  apresenta_atestado_programas_controle_qualidade  envolvido_em_organizacao   confinamento  semi_confinamento  suplementacao  fertirrigacao            ifp            ilp           ilpf       latitude      longitude      mes_abate  estacao_abate   microrregiao     mesoregiao
count  618492.000000  618492.000000  618492.000000                                     618492.000000             618492.000000  618492.000000                      618492.000000                           618492.000000            618492.000000                       618492.000000        618492.000000                                 618492.000000  618492.000000                                    618492.000000             618492.000000  618492.000000      618492.000000  618492.000000  618492.000000  618492.000000  618492.000000  618492.000000  618492.000000  618492.000000  618492.000000  618492.000000  618492.000000  618492.000000
mean        0.420360       0.247572       0.389702                                          0.394747                  0.056119       0.659032                           0.017733                                0.808269                 0.002270                            0.751846             0.487394                                      0.818138       0.451545                                         0.025604                  0.348577       0.610312           0.501080       0.908301       0.090249       0.049074       0.421601       0.053991       0.516370       0.546263       0.615904       0.637135       0.516401       0.414832
std         0.435833       0.239356       0.152199                                          0.405019                  0.230151       0.474035                           0.131981                                0.393663                 0.047591                            0.431942             0.499841                                      0.385731       0.497647                                         0.157951                  0.476520       0.487680           0.499999       0.288601       0.286538       0.216023       0.493816       0.226000       0.235220       0.192428       0.306110       0.364324       0.355882       0.382057
min         0.000000       0.000000       0.000000                                          0.000000                  0.000000       0.000000                           0.000000                                0.000000                 0.000000                            0.000000             0.000000                                      0.000000       0.000000                                         0.000000                  0.000000       0.000000           0.000000       0.000000       0.000000       0.000000       0.000000       0.000000       0.000000       0.000000       0.000000       0.000000       0.000000       0.000000
25%         0.000000       0.000000       0.280667                                          0.000000                  0.000000       0.000000                           0.000000                                1.000000                 0.000000                            1.000000             0.000000                                      1.000000       0.000000                                         0.000000                  0.000000       0.000000           0.000000       1.000000       0.000000       0.000000       0.000000       0.000000       0.352884       0.445171       0.363636       0.333333       0.200000       0.000000
50%         0.500000       0.250000       0.401333                                          0.555556                  0.000000       1.000000                           0.000000                                1.000000                 0.000000                            1.000000             0.000000                                      1.000000       0.000000                                         0.000000                  0.000000       1.000000           1.000000       1.000000       0.000000       0.000000       0.000000       0.000000       0.551702       0.543821       0.636364       0.666667       0.500000       0.333333
75%         1.000000       0.250000       0.493333                                          0.555556                  0.000000       1.000000                           0.000000                                1.000000                 0.000000                            1.000000             1.000000                                      1.000000       1.000000                                         0.000000                  1.000000       1.000000           1.000000       1.000000       0.000000       0.000000       1.000000       0.000000       0.694299       0.668657       0.909091       1.000000       0.800000       0.666667
max         1.000000       1.000000       1.000000                                          1.000000                  1.000000       1.000000                           1.000000                                1.000000                 1.000000                            1.000000             1.000000                                      1.000000       1.000000                                         1.000000                  1.000000       1.000000           1.000000       1.000000       1.000000       1.000000       1.000000       1.000000       1.000000       1.000000       1.000000       1.000000       1.000000       1.000000
Validação cruzada MNB : [0.61953921 0.62181083 0.61879547 0.62078806 0.61931671]
MNB: (0.6201) +/- (0.001)
Matriz de Confusão Balanceado
[[    0   601   409     0     0]
 [    0 37981 27565     0     0]
 [    0 17755 57710     0     0]
 [    0  1825 10730     0     0]
 [    0     1    46     0     0]]
              precision    recall  f1-score   support

           1     0.0000    0.0000    0.0000      1010
           2     0.6530    0.5795    0.6140     65546
           3     0.5983    0.7647    0.6713     75465
           4     0.0000    0.0000    0.0000     12555
           5     0.0000    0.0000    0.0000        47

   micro avg     0.6189    0.6189    0.6189    154623
   macro avg     0.2503    0.2688    0.2571    154623
weighted avg     0.5688    0.6189    0.5879    154623

Tempo de execução do MNB: 4.1100 segundos
Validação cruzada RFC : [0.91 0.91 0.91 0.91 0.91]
RFC: (0.9104) +/- (0.001)
Matriz de Confusão Balanceado
[[  577   360    67     6     0]
 [  198 62585  2386   377     0]
 [   42  1866 70869  2685     3]
 [   12   488  3775  8272     8]
 [    0     0     3    19    25]]
              precision    recall  f1-score   support

           1     0.6960    0.5713    0.6275      1010
           2     0.9584    0.9548    0.9566     65546
           3     0.9192    0.9391    0.9290     75465
           4     0.7282    0.6589    0.6918     12555
           5     0.6944    0.5319    0.6024        47

   micro avg     0.9205    0.9205    0.9205    154623
   macro avg     0.7993    0.7312    0.7615    154623
weighted avg     0.9188    0.9205    0.9194    154623

Tempo de execução do RFC: 7092.1259 segundos
Validação cruzada K-NN : [0.87 0.87 0.87 0.87 0.87]
K-NN: (0.8666) +/- (0.001)
Matriz de Confusão Balanceado
[[  361   552    89     8     0]
 [  140 59028  6223   155     0]
 [   20  4963 68687  1794     1]
 [    8   620  4176  7746     5]
 [    1     0    10    24    12]]
              precision    recall  f1-score   support

           1     0.6811    0.3574    0.4688      1010
           2     0.9059    0.9006    0.9032     65546
           3     0.8674    0.9102    0.8883     75465
           4     0.7963    0.6170    0.6953     12555
           5     0.6667    0.2553    0.3692        47

   micro avg     0.8785    0.8785    0.8785    154623
   macro avg     0.7835    0.6081    0.6650    154623
weighted avg     0.8767    0.8785    0.8760    154623

Tempo de execução do K-NN: 3480.8306 segundos
Validação cruzada SVM : [0.72 0.73 0.73 0.72 0.72]
SVM: (0.7243) +/- (0.001)
Matriz de Confusão Balanceado
[[    0   819   190     1     0]
 [    0 49978 15518    50     0]
 [    0 14747 60235   483     0]
 [    0  1284  9312  1959     0]
 [    0     0    45     2     0]]
              precision    recall  f1-score   support

           1     0.0000    0.0000    0.0000      1010
           2     0.7479    0.7625    0.7551     65546
           3     0.7062    0.7982    0.7494     75465
           4     0.7852    0.1560    0.2603     12555
           5     0.0000    0.0000    0.0000        47

   micro avg     0.7255    0.7255    0.7255    154623
   macro avg     0.4478    0.3433    0.3530    154623
weighted avg     0.7254    0.7255    0.7070    154623

Tempo de execução do SVM: 120566.0097 segundos

Process finished with exit code 0
