/usr/bin/python3.6 /home/ufms/programas/pycharm/helpers/pydev/pydevconsole.py --mode=client --port=33239
import sys; print('Python %s on %s' % (sys.version, sys.platform))
sys.path.extend(['/home/ufms/projetos/classificacao-aulas'])
PyDev console: starting.
Python 3.6.7 (default, Oct 22 2018, 11:32:17)
[GCC 8.2.0] on linux
runfile('/home/ufms/projetos/classificacao-aulas/dissertacao/5_2_selecao_modelo.py', wdir='/home/ufms/projetos/classificacao-aulas/dissertacao')
Classes para balancear 'auto'
(80.0, '/', 20.0)
EditedNearestNeighbours(kind_sel='mode', n_jobs=1, n_neighbors=3,
            random_state=None, ratio=None, return_indices=False,
            sampling_strategy='auto')
X Treino          tipificacao     maturidade   peso_carcaca  questionario_classificacao_estabelecimento_rural  possui_outros_incentivos  fabrica_racao  area_total_destinada_confinamento  area_manejada_80_boa_cobertura_vegetal  area_manejada_20_erosao  dispoe_de_identificacao_individual  rastreamento_sisbov  faz_controle_pastejo_regua_de_manejo_embrapa     lita_trace  apresenta_atestado_programas_controle_qualidade  envolvido_em_organizacao   confinamento  semi_confinamento  suplementacao  fertirrigacao            ifp            ilp           ilpf       latitude      longitude      mes_abate  estacao_abate   microrregiao     mesoregiao
count  593426.000000  593426.000000  593426.000000                                     593426.000000             593426.000000  593426.000000                      593426.000000                           593426.000000            593426.000000                       593426.000000        593426.000000                                 593426.000000  593426.000000                                    593426.000000             593426.000000  593426.000000      593426.000000  593426.000000  593426.000000  593426.000000  593426.000000  593426.000000  593426.000000  593426.000000  593426.000000  593426.000000  593426.000000  593426.000000
mean        0.409772       0.246672       0.391257                                          0.393158                  0.054576       0.660517                           0.018825                                0.810504                 0.002384                            0.751317             0.491396                                      0.820433       0.455968                                         0.026066                  0.344462       0.612661           0.500377       0.906672       0.090395       0.048892       0.420962       0.054898       0.517702       0.543129       0.616766       0.637220       0.511616       0.415803
std         0.432757       0.238520       0.152044                                          0.404908                  0.227152       0.473534                           0.135905                                0.391903                 0.048773                            0.432250             0.499926                                      0.383827       0.498058                                         0.159331                  0.475193       0.487143           0.500000       0.290891       0.286748       0.215643       0.493714       0.227782       0.236519       0.192235       0.307031       0.365298       0.356913       0.383496
min         0.000000       0.000000       0.000000                                          0.000000                  0.000000       0.000000                           0.000000                                0.000000                 0.000000                            0.000000             0.000000                                      0.000000       0.000000                                         0.000000                  0.000000       0.000000           0.000000       0.000000       0.000000       0.000000       0.000000       0.000000       0.000000       0.000000       0.000000       0.000000       0.000000       0.000000
25%         0.000000       0.000000       0.283333                                          0.000000                  0.000000       0.000000                           0.000000                                1.000000                 0.000000                            1.000000             0.000000                                      1.000000       0.000000                                         0.000000                  0.000000       0.000000           0.000000       1.000000       0.000000       0.000000       0.000000       0.000000       0.352884       0.445171       0.363636       0.333333       0.100000       0.000000
50%         0.500000       0.250000       0.403333                                          0.555556                  0.000000       1.000000                           0.000000                                1.000000                 0.000000                            1.000000             0.000000                                      1.000000       0.000000                                         0.000000                  0.000000       1.000000           1.000000       1.000000       0.000000       0.000000       0.000000       0.000000       0.551702       0.543821       0.727273       0.666667       0.500000       0.333333
75%         1.000000       0.250000       0.495000                                          0.555556                  0.000000       1.000000                           0.000000                                1.000000                 0.000000                            1.000000             1.000000                                      1.000000       1.000000                                         0.000000                  1.000000       1.000000           1.000000       1.000000       0.000000       0.000000       1.000000       0.000000       0.694299       0.668657       0.909091       1.000000       0.800000       0.666667
max         1.000000       1.000000       1.000000                                          1.000000                  1.000000       1.000000                           1.000000                                1.000000                 1.000000                            1.000000             1.000000                                      1.000000       1.000000                                         1.000000                  1.000000       1.000000           1.000000       1.000000       1.000000       1.000000       1.000000       1.000000       1.000000       1.000000       1.000000       1.000000       1.000000       1.000000
Validação cruzada MNB : [0.62121059 0.61860708 0.62080616 0.61934533 0.61974335]
MNB: (0.6199) +/- (0.001)
Matriz de Confusão Balanceado
[[    0   478   532     0     0]
 [    0 22102 62946     0     0]
 [    0 14429 98229     0     0]
 [    0   654 11901     0     0]
 [    0     0    47     0     0]]
                   pre       rec       spe        f1       geo       iba       sup
          1     0.0000    0.0000    1.0000    0.0000    0.0000    0.0000      1010
          2     0.5868    0.2599    0.8768    0.3602    0.4773    0.2138     85048
          3     0.5657    0.8719    0.2355    0.6862    0.4531    0.2184    112658
          4     0.0000    0.0000    1.0000    0.0000    0.0000    0.0000     12555
          5     0.0000    0.0000    1.0000    0.0000    0.0000    0.0000        47
avg / total     0.5377    0.5694    0.5428    0.5108    0.4337    0.2025    211318
Tempo de execução do MNB: 1.4143 segundos
Validação cruzada RFC : [0.96 0.95 0.96 0.95 0.95]
RFC: (0.9551) +/- (0.001)
Matriz de Confusão Balanceado
[[  265   624   118     3     0]
 [  277 54792 29566   412     1]
 [   97 26844 82689  3016    12]
 [    7   805  5028  6686    29]
 [    0     2     2    10    33]]
                   pre       rec       spe        f1       geo       iba       sup
          1     0.4102    0.2624    0.9982    0.3200    0.5118    0.2426      1010
          2     0.6596    0.6442    0.7761    0.6518    0.7071    0.4934     85048
          3     0.7043    0.7340    0.6481    0.7188    0.6897    0.4798    112658
          4     0.6602    0.5325    0.9827    0.5895    0.7234    0.4998     12555
          5     0.4400    0.7021    0.9998    0.5410    0.8378    0.6811        47
avg / total     0.6822    0.6836    0.7213    0.6822    0.6979    0.4854    211318
Tempo de execução do RFC: 1044.3496 segundos
Validação cruzada K-NN : [0.89 0.89 0.89 0.89 0.89]
K-NN: (0.8912) +/- (0.001)
Matriz de Confusão Balanceado
[[  254   642   113     1     0]
 [  236 55331 29056   423     2]
 [   66 25710 84021  2852     9]
 [    3   713  5171  6650    18]
 [    0     2     7    14    24]]
                   pre       rec       spe        f1       geo       iba       sup
          1     0.4544    0.2515    0.9985    0.3238    0.5011    0.2324      1010
          2     0.6715    0.6506    0.7856    0.6609    0.7149    0.5042     85048
          3     0.7098    0.7458    0.6519    0.7274    0.6973    0.4907    112658
          4     0.6690    0.5297    0.9834    0.5912    0.7217    0.4973     12555
          5     0.4528    0.5106    0.9999    0.4800    0.7145    0.4856        47
avg / total     0.6907    0.6922    0.7271    0.6905    0.7049    0.4953    211318
Tempo de execução do K-NN: 2928.7371 segundos
Validação cruzada SVM : [0.75 0.75 0.75 0.75 0.75]
SVM: (0.7475) +/- (0.001)
Matriz de Confusão Balanceado
[[    0   733   277     0     0]
 [    0 49027 35896   125     0]
 [    0 25411 86425   822     0]
 [    0   957  9484  2114     0]
 [    0     0    41     6     0]]
                   pre       rec       spe        f1       geo       iba       sup
          1     0.0000    0.0000    1.0000    0.0000    0.0000    0.0000      1010
          2     0.6440    0.5765    0.7854    0.6084    0.6729    0.4433     85048
          3     0.6541    0.7671    0.5368    0.7061    0.6417    0.4213    112658
          4     0.6893    0.1684    0.9952    0.2706    0.4094    0.1537     12555
          5     0.0000    0.0000    1.0000    0.0000    0.0000    0.0000        47
avg / total     0.6489    0.6510    0.6664    0.6374    0.6372    0.4121    211318