tipificacao  maturidade  peso_carcaca  questionario_classificacao_estabelecimento_rural  possui_outros_incentivos  fabrica_racao  area_total_destinada_confinamento  area_manejada_80_boa_cobertura_vegetal  area_manejada_20_erosao  dispoe_de_identificacao_individual  rastreamento_sisbov  faz_controle_pastejo_regua_de_manejo_embrapa  lita_trace  apresenta_atestado_programas_controle_qualidade  envolvido_em_organizacao  confinamento  semi_confinamento  suplementacao  fertirrigacao  ifp  ilp  ilpf  latitude  longitude  mes_abate  estacao_abate  microrregiao  mesoregiao  acabamento
0          0.0         0.0      0.603333                                          0.555556                       0.0            1.0                                0.0                                     1.0                      0.0                                 1.0                  0.0                                           1.0         0.0                                              0.0                       0.0           1.0                1.0            1.0            1.0  0.0  1.0   0.0  0.424575   0.861048   0.818182            1.0           1.0    0.333333           3
1          0.0         0.0      0.620000                                          0.555556                       0.0            1.0                                0.0                                     1.0                      0.0                                 1.0                  0.0                                           1.0         0.0                                              0.0                       0.0           1.0                1.0            1.0            1.0  0.0  1.0   0.0  0.424575   0.861048   0.818182            1.0           1.0    0.333333           2
2          0.0         0.0      0.730000                                          0.555556                       0.0            1.0                                0.0                                     1.0                      0.0                                 1.0                  0.0                                           1.0         0.0                                              0.0                       0.0           1.0                1.0            1.0            1.0  0.0  1.0   0.0  0.424575   0.861048   0.818182            1.0           1.0    0.333333           3
3          0.0         0.0      0.718333                                          0.555556                       0.0            1.0                                0.0                                     1.0                      0.0                                 1.0                  0.0                                           1.0         0.0                                              0.0                       0.0           1.0                1.0            1.0            1.0  0.0  1.0   0.0  0.424575   0.861048   0.818182            1.0           1.0    0.333333           3
4          0.0         0.0      0.693333                                          0.555556                       0.0            1.0                                0.0                                     1.0                      0.0                                 1.0                  0.0                                           1.0         0.0                                              0.0                       0.0           1.0                1.0            1.0            1.0  0.0  1.0   0.0  0.424575   0.861048   0.818182            1.0           1.0    0.333333           3
Classes para balancear [2, 3]
(80.0, '/', 20.0)
EditedNearestNeighbours(kind_sel='mode', n_jobs=4, n_neighbors=3,
            random_state=None, ratio=None, return_indices=False,
            sampling_strategy=[2, 3])
[(1, 2345), (2, 144585), (3, 219798), (4, 36296), (5, 158)]
X Treino:     tipificacao  maturidade  peso_carcaca  questionario_classificacao_estabelecimento_rural  possui_outros_incentivos  fabrica_racao  area_total_destinada_confinamento  area_manejada_80_boa_cobertura_vegetal  area_manejada_20_erosao  dispoe_de_identificacao_individual  rastreamento_sisbov  faz_controle_pastejo_regua_de_manejo_embrapa  lita_trace  apresenta_atestado_programas_controle_qualidade  envolvido_em_organizacao  confinamento  semi_confinamento  suplementacao  fertirrigacao  ifp  ilp  ilpf  latitude  longitude  mes_abate  estacao_abate  microrregiao  mesoregiao
0           0.5        0.50      0.305333                                          0.555556                       0.0            0.0                                0.0                                     1.0                      0.0                                 1.0                  0.0                                           1.0         0.0                                              0.0                       1.0           0.0                0.0            1.0            0.0  0.0  0.0   0.0  0.790232   0.447544   0.636364       0.666667           0.0    0.000000
1           0.0        0.25      0.505000                                          0.000000                       0.0            0.0                                0.0                                     1.0                      0.0                                 0.0                  0.0                                           1.0         0.0                                              0.0                       0.0           0.0                1.0            1.0            1.0  0.0  0.0   0.0  0.355274   0.000000   0.454545       0.333333           0.2    0.666667
2           1.0        0.50      0.203333                                          0.555556                       0.0            1.0                                0.0                                     1.0                      0.0                                 1.0                  1.0                                           1.0         1.0                                              0.0                       1.0           1.0                1.0            1.0            0.0  0.0  0.0   0.0  0.547315   0.308634   0.818182       1.000000           0.1    0.666667
3           0.0        0.00      0.341333                                          0.000000                       0.0            0.0                                0.0                                     1.0                      0.0                                 1.0                  0.0                                           1.0         0.0                                              0.0                       0.0           0.0                0.0            1.0            0.0  0.0  0.0   0.0  0.260515   0.599099   0.818182       1.000000           0.7    1.000000
4           1.0        0.00      0.128333                                          1.000000                       0.0            1.0                                0.0                                     1.0                      0.0                                 1.0                  0.0                                           1.0         0.0                                              0.0                       1.0           0.0                1.0            1.0            0.0  0.0  1.0   0.0  0.339156   0.491407   0.272727       0.333333           0.6    1.000000
5           0.5        0.50      0.321333                                          0.555556                       0.0            0.0                                0.0                                     1.0                      0.0                                 1.0                  0.0                                           1.0         0.0                                              0.0                       1.0           0.0                0.0            1.0            0.0  0.0  0.0   0.0  0.790232   0.447544   0.636364       0.666667           0.0    0.000000
6           0.0        0.25      0.681333                                          0.000000                       0.0            0.0                                0.0                                     1.0                      0.0                                 1.0                  0.0                                           1.0         0.0                                              0.0                       0.0           0.0                1.0            1.0            0.0  0.0  1.0   0.0  0.232795   0.527332   0.454545       0.666667           0.7    1.000000
7           0.5        0.75      0.409333                                          0.000000                       0.0            0.0                                0.0                                     1.0                      0.0                                 0.0                  0.0                                           1.0         0.0                                              0.0                       0.0           0.0                0.0            1.0            0.0  0.0  0.0   0.0  0.545360   0.305729   0.636364       0.666667           0.1    0.666667
8           1.0        0.00      0.098333                                          0.000000                       0.0            0.0                                0.0                                     1.0                      0.0                                 1.0                  0.0                                           1.0         0.0                                              0.0                       0.0           1.0                0.0            1.0            0.0  0.0  1.0   0.0  0.045360   0.489239   0.545455       0.666667           0.7    1.000000
9           1.0        0.25      0.080000                                          0.000000                       0.0            0.0                                0.0                                     0.0                      0.0                                 0.0                  0.0                                           0.0         0.0                                              0.0                       0.0           0.0                0.0            0.0            0.0  0.0  0.0   0.0  0.773437   0.717771   0.636364       0.666667           0.5    0.333333
10          0.0        0.25      0.368000                                          0.000000                       0.0            0.0                                0.0                                     1.0                      0.0                                 1.0                  0.0                                           1.0         0.0                                              0.0                       0.0           0.0                1.0            1.0            0.0  0.0  1.0   0.0  0.232795   0.527332   0.454545       0.666667           0.7    1.000000
11          1.0        0.50      0.118000                                          0.000000                       0.0            1.0                                0.0                                     0.0                      0.0                                 0.0                  0.0                                           0.0         0.0                                              0.0                       0.0           0.0                0.0            1.0            0.0  0.0  0.0   0.0  0.628344   0.440425   0.727273       0.666667           0.4    0.000000
12          0.0        0.25      0.381667                                          0.000000                       0.0            0.0                                0.0                                     1.0                      0.0                                 1.0                  1.0                                           1.0         0.0                                              0.0                       0.0           1.0                1.0            1.0            0.0  0.0  0.0   0.0  0.854578   0.459943   0.545455       0.666667           0.0    0.000000
13          0.5        0.25      0.286667                                          0.000000                       0.0            0.0                                0.0                                     0.0                      0.0                                 0.0                  0.0                                           0.0         0.0                                              0.0                       0.0           0.0                0.0            0.0            0.0  0.0  0.0   0.0  0.551834   0.445171   0.818182       1.000000           0.4    0.000000
14          1.0        0.50      0.084667                                          0.000000                       0.0            0.0                                0.0                                     0.0                      0.0                                 0.0                  0.0                                           0.0         0.0                                              0.0                       0.0           0.0                0.0            0.0            0.0  0.0  0.0   0.0  0.536757   0.171972   0.818182       1.000000           0.3    1.000000
15          0.0        0.75      0.427333                                          0.555556                       0.0            1.0                                0.0                                     1.0                      0.0                                 1.0                  0.0                                           1.0         0.0                                              0.0                       0.0           1.0                1.0            1.0            1.0  0.0  0.0   0.0  0.694299   0.565425   0.000000       0.000000           0.0    0.000000
16          0.5        0.75      0.412000                                          0.000000                       0.0            0.0                                0.0                                     1.0                      0.0                                 1.0                  0.0                                           1.0         0.0                                              0.0                       1.0           0.0                1.0            1.0            0.0  0.0  0.0   0.0  0.854578   0.459943   0.454545       0.333333           0.0    0.000000
17          0.5        0.25      0.432667                                          0.555556                       0.0            0.0                                0.0                                     1.0                      0.0                                 1.0                  0.0                                           1.0         0.0                                              0.0                       1.0           0.0                0.0            1.0            0.0  0.0  0.0   0.0  0.790232   0.447544   0.272727       0.333333           0.0    0.000000
18          0.0        0.25      0.423333                                          0.000000                       0.0            0.0                                0.0                                     1.0                      0.0                                 1.0                  1.0                                           1.0         1.0                                              0.0                       0.0           0.0                0.0            1.0            0.0  0.0  0.0   0.0  0.551702   0.607364   0.090909       0.000000           1.0    0.333333
19          0.0        0.25      0.426667                                          0.000000                       0.0            0.0                                0.0                                     1.0                      0.0                                 1.0                  1.0                                           1.0         1.0                                              0.0                       0.0           0.0                0.0            1.0            0.0  0.0  0.0   0.0  0.854578   0.459943   0.090909       0.000000           0.0    0.000000
20          0.0        0.25      0.471667                                          0.000000                       0.0            0.0                                0.0                                     1.0                      0.0                                 1.0                  1.0                                           1.0         1.0                                              0.0                       0.0           0.0                0.0            1.0            0.0  0.0  0.0   0.0  0.854578   0.459943   0.090909       0.000000           0.0    0.000000
21          0.0        0.50      0.478333                                          0.000000                       0.0            0.0                                0.0                                     1.0                      0.0                                 1.0                  1.0                                           1.0         1.0                                              0.0                       0.0           0.0                0.0            1.0            0.0  0.0  0.0   0.0  0.854578   0.459943   0.090909       0.000000           0.0    0.000000
22          0.0        0.25      0.400000                                          0.000000                       0.0            0.0                                0.0                                     1.0                      0.0                                 1.0                  1.0                                           1.0         1.0                                              0.0                       0.0           0.0                0.0            1.0            0.0  0.0  0.0   0.0  0.551702   0.607364   0.090909       0.000000           1.0    0.333333
23          0.0        0.25      0.383333                                          0.000000                       0.0            0.0                                0.0                                     1.0                      0.0                                 1.0                  1.0                                           1.0         1.0                                              0.0                       0.0           0.0                0.0            1.0            0.0  0.0  0.0   0.0  0.854578   0.459943   0.090909       0.000000           0.0    0.000000
24          1.0        0.00      0.116667                                          1.000000                       0.0            1.0                                0.0                                     1.0                      0.0                                 1.0                  0.0                                           1.0         0.0                                              0.0                       1.0           1.0                1.0            1.0            0.0  1.0  0.0   0.0  0.551746   0.476677   0.363636       0.333333           0.4    0.000000
25          1.0        0.25      0.092667                                          0.000000                       0.0            1.0                                0.0                                     0.0                      0.0                                 0.0                  0.0                                           0.0         0.0                                              0.0                       0.0           0.0                0.0            1.0            0.0  0.0  0.0   0.0  0.628344   0.440425   0.727273       0.666667           0.4    0.000000
26          0.0        0.50      0.463333                                          1.000000                       0.0            1.0                                0.0                                     1.0                      0.0                                 1.0                  0.0                                           1.0         0.0                                              0.0                       1.0           0.0                1.0            1.0            0.0  0.0  1.0   0.0  0.775981   0.033757   0.636364       0.666667           0.2    0.666667
27          1.0        0.75      0.128000                                          0.000000                       0.0            0.0                                0.0                                     0.0                      0.0                                 0.0                  0.0                                           0.0         0.0                                              0.0                       0.0           0.0                0.0            0.0            0.0  0.0  0.0   0.0  0.536757   0.171972   0.818182       1.000000           0.3    1.000000
28          0.0        0.50      0.523333                                          0.000000                       0.0            0.0                                0.0                                     1.0                      0.0                                 1.0                  1.0                                           1.0         1.0                                              0.0                       0.0           0.0                0.0            1.0            0.0  0.0  0.0   0.0  0.854578   0.459943   0.090909       0.000000           0.0    0.000000
29          0.0        0.00      0.384667                                          0.000000                       0.0            0.0                                0.0                                     1.0                      0.0                                 1.0                  0.0                                           1.0         0.0                                              0.0                       0.0           0.0                1.0            1.0            0.0  0.0  1.0   0.0  0.232795   0.527332   0.454545       0.666667           0.7    1.000000
30          0.0        0.50      0.360000                                          0.555556                       0.0            1.0                                0.0                                     1.0                      0.0                                 1.0                  1.0                                           1.0         1.0                                              0.0                       0.0           0.0                1.0            1.0            0.0  0.0  1.0   0.0  0.598843   0.513053   0.454545       0.333333           0.4    0.000000
31          0.0        0.50      0.485000                                          0.000000                       0.0            0.0                                0.0                                     1.0                      0.0                                 1.0                  1.0                                           1.0         1.0                                              0.0                       0.0           0.0                0.0            1.0            0.0  0.0  0.0   0.0  0.854578   0.459943   0.090909       0.000000           0.0    0.000000
32          0.0        0.25      0.546667                                          0.000000                       0.0            0.0                                0.0                                     1.0                      0.0                                 0.0                  0.0                                           1.0         0.0                                              0.0                       0.0           0.0                1.0            1.0            1.0  0.0  0.0   0.0  0.355274   0.000000   0.090909       0.000000           0.2    0.666667
33          0.0        0.25      0.411667                                          0.000000                       0.0            0.0                                0.0                                     1.0                      0.0                                 1.0                  1.0                                           1.0         1.0                                              0.0                       0.0           0.0                0.0            1.0            0.0  0.0  0.0   0.0  0.854578   0.459943   0.090909       0.000000           0.0    0.000000
34          0.0        0.50      0.370000                                          0.000000                       0.0            0.0                                0.0                                     1.0                      0.0                                 1.0                  1.0                                           1.0         1.0                                              0.0                       0.0           0.0                0.0            1.0            0.0  0.0  0.0   0.0  0.854578   0.459943   0.090909       0.000000           0.0    0.000000
35          0.5        0.50      0.331333                                          0.000000                       0.0            0.0                                0.0                                     0.0                      0.0                                 0.0                  0.0                                           0.0         0.0                                              0.0                       0.0           0.0                0.0            0.0            0.0  0.0  0.0   0.0  0.551834   0.445171   0.818182       1.000000           0.4    0.000000
36          1.0        0.00      0.150667                                          0.000000                       0.0            0.0                                0.0                                     1.0                      0.0                                 0.0                  0.0                                           1.0         0.0                                              0.0                       0.0           0.0                0.0            1.0            0.0  0.0  0.0   0.0  0.663928   0.876800   0.545455       0.666667           0.9    0.333333
37          0.0        0.50      0.443333                                          0.555556                       0.0            0.0                                0.0                                     1.0                      0.0                                 1.0                  1.0                                           1.0         1.0                                              0.0                       0.0           0.0                1.0            1.0            0.0  0.0  0.0   0.0  0.663928   0.876800   0.727273       0.666667           0.9    0.333333
38          0.5        0.25      0.311667                                          0.000000                       0.0            1.0                                0.0                                     1.0                      0.0                                 1.0                  0.0                                           1.0         0.0                                              0.0                       0.0           0.0                0.0            1.0            0.0  0.0  1.0   0.0  0.141597   0.543821   0.181818       0.000000           0.7    1.000000
39          0.5        0.50      0.398333                                          0.000000                       0.0            1.0                                0.0                                     0.0                      0.0                                 1.0                  1.0                                           0.0         1.0                                              0.0                       0.0           1.0                0.0            1.0            0.0  0.0  0.0   0.0  0.052833   0.422259   0.272727       0.333333           0.7    1.000000
40          0.5        0.25      0.753333                                          0.555556                       0.0            0.0                                0.0                                     1.0                      0.0                                 1.0                  1.0                                           1.0         1.0                                              0.0                       0.0           0.0                1.0            1.0            0.0  1.0  0.0   0.0  0.352884   0.804296   0.090909       0.000000           0.8    0.333333
41          1.0        0.25      0.065333                                          0.000000                       0.0            0.0                                0.0                                     1.0                      0.0                                 1.0                  0.0                                           1.0         0.0                                              0.0                       0.0           0.0                0.0            1.0            0.0  0.0  0.0   0.0  0.633863   0.518289   0.272727       0.333333           0.4    0.000000
42          0.0        0.25      0.291333                                          0.000000                       0.0            0.0                                0.0                                     1.0                      0.0                                 1.0                  0.0                                           1.0         0.0                                              0.0                       0.0           0.0                0.0            1.0            0.0  0.0  0.0   0.0  0.260515   0.599099   0.818182       1.000000           0.7    1.000000
43          0.0        0.50      0.322000                                          0.000000                       0.0            0.0                                0.0                                     1.0                      0.0                                 1.0                  1.0                                           1.0         1.0                                              0.0                       0.0           0.0                0.0            1.0            0.0  0.0  0.0   0.0  0.551702   0.607364   0.454545       0.666667           1.0    0.333333
44          1.0        0.25      0.110000                                          0.000000                       0.0            1.0                                0.0                                     0.0                      0.0                                 1.0                  0.0                                           0.0         0.0                                              0.0                       0.0           0.0                1.0            0.0            0.0  0.0  1.0   0.0  0.077556   0.544640   0.181818       0.000000           0.7    1.000000
45          0.0        0.25      0.332667                                          0.555556                       0.0            1.0                                0.0                                     1.0                      0.0                                 1.0                  0.0                                           1.0         0.0                                              0.0                       0.0           1.0                1.0            1.0            1.0  0.0  0.0   0.0  0.694299   0.565425   0.818182       1.000000           0.0    0.000000
46          0.0        0.00      0.344667                                          0.000000                       0.0            0.0                                0.0                                     1.0                      0.0                                 1.0                  0.0                                           1.0         0.0                                              0.0                       0.0           0.0                0.0            1.0            0.0  0.0  0.0   0.0  0.260515   0.599099   0.818182       1.000000           0.7    1.000000
47          1.0        0.00      0.061667                                          0.000000                       0.0            1.0                                0.0                                     1.0                      0.0                                 0.0                  0.0                                           1.0         0.0                                              0.0                       0.0           1.0                0.0            1.0            0.0  0.0  1.0   0.0  0.077556   0.544640   0.545455       0.666667           0.7    1.000000
48          0.0        0.50      0.528000                                          0.555556                       0.0            0.0                                0.0                                     1.0                      0.0                                 1.0                  1.0                                           1.0         1.0                                              0.0                       0.0           0.0                1.0            1.0            0.0  1.0  0.0   0.0  0.352884   0.804296   0.454545       0.333333           0.8    0.333333
49          0.0        0.00      0.236667                                          0.555556                       0.0            1.0                                0.0                                     1.0                      0.0                                 1.0                  0.0                                           1.0         0.0                                              0.0                       0.0           1.0                1.0            1.0            1.0  0.0  0.0   0.0  0.694299   0.565425   1.000000       1.000000           0.0    0.000000
Y Treino: [1 1 1 ... 5 5 5]

Melhores parametros MNB : MultinomialNB(alpha=0.01, class_prior=None, fit_prior=True)
Validação cruzada MNB : [0.59954364 0.59823654 0.59998512 0.59697402 0.59574626]
MNB: (0.5981) +/- (0.002)
Matriz de Confusão Balanceado
[[    0   312   274     0     0]
 [    0 13396 40449     0     0]
 [    0  8558 65110     0     0]
 [    0   348  8726     0     0]
 [    0     0    40     0     0]]
                   pre       rec       spe        f1       geo       iba       sup

          1       0.00      0.00      1.00      0.00      0.00      0.00       586
          2       0.59      0.25      0.89      0.35      0.47      0.21     53845
          3       0.57      0.88      0.22      0.69      0.44      0.21     73668
          4       0.00      0.00      1.00      0.00      0.00      0.00      9074
          5       0.00      0.00      1.00      0.00      0.00      0.00        40

avg / total       0.54      0.57      0.54      0.51      0.42      0.19    137213

Validação cruzada MNB : [0.57282367 0.57164981 0.57355379 0.57090409 0.5694738 ]
MNB: (0.5717) +/- (0.001)
Matriz de Confusão Não Balanceado
[[    0   306   280     0     0]
 [    0 12515 41330     0     0]
 [    0  7899 65769     0     0]
 [    0   263  8811     0     0]
 [    0     0    40     0     0]]
                   pre       rec       spe        f1       geo       iba       sup

          1       0.00      0.00      1.00      0.00      0.00      0.00       586
          2       0.60      0.23      0.90      0.33      0.46      0.19     53845
          3       0.57      0.89      0.21      0.69      0.43      0.20     73668
          4       0.00      0.00      1.00      0.00      0.00      0.00      9074
          5       0.00      0.00      1.00      0.00      0.00      0.00        40

avg / total       0.54      0.57      0.53      0.50      0.41      0.18    137213

Tempo de execução do MNB: 12.6362 segundos
Melhores parametros DTC : DecisionTreeClassifier(class_weight=None, criterion='gini', max_depth=19,
            max_features=26, max_leaf_nodes=None,
            min_impurity_decrease=0.0, min_impurity_split=None,
            min_samples_leaf=1, min_samples_split=5,
            min_weight_fraction_leaf=0.0, presort=False, random_state=None,
            splitter='best')
Validação cruzada DTC : [0.84419256 0.84219403 0.84627404 0.84289701 0.84968066]
DTC: (0.8450) +/- (0.003)
Matriz de Confusão Balanceado
[[  281   248    54     3     0]
 [  341 35222 17543   738     1]
 [  119 16386 53527  3626    10]
 [   10   420  2902  5731    11]
 [    0     0     6    16    18]]
                   pre       rec       spe        f1       geo       iba       sup

          1       0.37      0.48      1.00      0.42      0.69      0.45       586
          2       0.67      0.65      0.80      0.66      0.72      0.51     53845
          3       0.72      0.73      0.68      0.72      0.70      0.49     73668
          4       0.57      0.63      0.97      0.60      0.78      0.59      9074
          5       0.45      0.45      1.00      0.45      0.67      0.43        40

avg / total       0.69      0.69      0.74      0.69      0.71      0.51    137213

Validação cruzada DTC : [0.68227781 0.68083265 0.6810604  0.67762918 0.68122768]
DTC: (0.6806) +/- (0.002)
Matriz de Confusão Não Balanceado
[[  243   293    48     2     0]
 [  196 35298 18010   341     0]
 [   42 17620 53736  2264     6]
 [    5   547  3836  4675    11]
 [    0     1    12    19     8]]
                   pre       rec       spe        f1       geo       iba       sup

          1       0.50      0.41      1.00      0.45      0.64      0.39       586
          2       0.66      0.66      0.78      0.66      0.71      0.50     53845
          3       0.71      0.73      0.66      0.72      0.69      0.48     73668
          4       0.64      0.52      0.98      0.57      0.71      0.48      9074
          5       0.32      0.20      1.00      0.25      0.45      0.18        40

avg / total       0.68      0.68      0.73      0.68      0.70      0.49    137213

Tempo de execução do DTC: 6225.4627 segundos
3Melhores parametros K-NN : KNeighborsClassifier(algorithm='auto', leaf_size=30, metric='minkowski',
           metric_params=None, n_jobs=None, n_neighbors=12, p=2,
           weights='distance')
Validação cruzada K-NN : [0.91690022 0.91578308 0.91644034 0.9150989  0.91684752]
K-NN: (0.9162) +/- (0.001)
Matriz de Confusão Balanceado
[[  340   204    41     1     0]
 [  343 34644 18042   816     0]
 [   93 15891 53628  4049     7]
 [    9   358  2592  6107     8]
 [    0     0     2    13    25]]
                   pre       rec       spe        f1       geo       iba       sup

          1       0.43      0.58      1.00      0.50      0.76      0.55       586
          2       0.68      0.64      0.80      0.66      0.72      0.51     53845
          3       0.72      0.73      0.67      0.72      0.70      0.49     73668
          4       0.56      0.67      0.96      0.61      0.80      0.63      9074
          5       0.62      0.62      1.00      0.62      0.79      0.60        40

avg / total       0.69      0.69      0.75      0.69      0.71      0.51    137213

Validação cruzada K-NN : [0.6780782  0.67609547 0.67448301 0.67481415 0.67608957]
K-NN: (0.6759) +/- (0.001)
Matriz de Confusão Não Balanceado
[[  324   221    40     1     0]
 [  181 35041 18197   426     0]
 [   45 18841 52247  2528     7]
 [    3   503  3613  4948     7]
 [    0     1     2    12    25]]
                   pre       rec       spe        f1       geo       iba       sup

          1       0.59      0.55      1.00      0.57      0.74      0.53       586
          2       0.64      0.65      0.77      0.65      0.71      0.49     53845
          3       0.71      0.71      0.66      0.71      0.68      0.47     73668
          4       0.63      0.55      0.98      0.58      0.73      0.51      9074
          5       0.64      0.62      1.00      0.63      0.79      0.60        40

avg / total       0.67      0.67      0.72      0.67      0.69      0.48    137213