Validação cruzada RFC : [0.91260986 0.91273158 0.91444384 0.91333809 0.91229124]
RFC: (0.9131) +/- (0.001)
Matriz de Confusão Balanceado
[[  531   426    45     8     0]
 [  722 61878 21135  1313     0]
 [  232 34495 72190  5734     7]
 [    9   625  4072  7835    14]
 [    0     2     2    17    26]]
              precision    recall  f1-score   support
           1     0.3554    0.5257    0.4241      1010
           2     0.6351    0.7276    0.6782     85048
           3     0.7408    0.6408    0.6872    112658
           4     0.5256    0.6241    0.5706     12555
           5     0.5532    0.5532    0.5532        47
   micro avg     0.6741    0.6741    0.6741    211318
   macro avg     0.5620    0.6143    0.5827    211318
weighted avg     0.6836    0.6741    0.6754    211318