/usr/bin/python3.6 /home/higornucci/projetos/classificacao-aulas/dissertacao/5_2_selecao_modelo.py
   tipificacao  maturidade  peso_carcaca  questionario_classificacao_estabelecimento_rural  possui_outros_incentivos  fabrica_racao  area_total_destinada_confinamento  area_manejada_80_boa_cobertura_vegetal  area_manejada_20_erosao  dispoe_de_identificacao_individual  rastreamento_sisbov  faz_controle_pastejo_regua_de_manejo_embrapa  lita_trace  apresenta_atestado_programas_controle_qualidade  envolvido_em_organizacao  confinamento  semi_confinamento  suplementacao  fertirrigacao  ifp  ilp  ilpf  latitude  longitude  mes_abate  estacao_abate  microrregiao  mesoregiao  acabamento
0          0.0         0.0      0.603333                                          0.555556                       0.0            1.0                                0.0                                     1.0                      0.0                                 1.0                  0.0                                           1.0         0.0                                              0.0                       0.0           1.0                1.0            1.0            1.0  0.0  1.0   0.0  0.424575   0.861048   0.818182            1.0           1.0    0.333333           3
1          0.0         0.0      0.620000                                          0.555556                       0.0            1.0                                0.0                                     1.0                      0.0                                 1.0                  0.0                                           1.0         0.0                                              0.0                       0.0           1.0                1.0            1.0            1.0  0.0  1.0   0.0  0.424575   0.861048   0.818182            1.0           1.0    0.333333           2
2          0.0         0.0      0.730000                                          0.555556                       0.0            1.0                                0.0                                     1.0                      0.0                                 1.0                  0.0                                           1.0         0.0                                              0.0                       0.0           1.0                1.0            1.0            1.0  0.0  1.0   0.0  0.424575   0.861048   0.818182            1.0           1.0    0.333333           3
3          0.0         0.0      0.718333                                          0.555556                       0.0            1.0                                0.0                                     1.0                      0.0                                 1.0                  0.0                                           1.0         0.0                                              0.0                       0.0           1.0                1.0            1.0            1.0  0.0  1.0   0.0  0.424575   0.861048   0.818182            1.0           1.0    0.333333           3
4          0.0         0.0      0.693333                                          0.555556                       0.0            1.0                                0.0                                     1.0                      0.0                                 1.0                  0.0                                           1.0         0.0                                              0.0                       0.0           1.0                1.0            1.0            1.0  0.0  1.0   0.0  0.424575   0.861048   0.818182            1.0           1.0    0.333333           3
Classes para balancear [2, 3]
(80.0, '/', 20.0)
EditedNearestNeighbours(kind_sel='mode', n_jobs=4, n_neighbors=4,
            random_state=None, ratio=None, return_indices=False,
            sampling_strategy=[2, 3])
[('acabamento', 1)]
X Treino:     tipificacao  maturidade  peso_carcaca  questionario_classificacao_estabelecimento_rural  possui_outros_incentivos  fabrica_racao  area_total_destinada_confinamento  area_manejada_80_boa_cobertura_vegetal  area_manejada_20_erosao  dispoe_de_identificacao_individual  rastreamento_sisbov  faz_controle_pastejo_regua_de_manejo_embrapa  lita_trace  apresenta_atestado_programas_controle_qualidade  envolvido_em_organizacao  confinamento  semi_confinamento  suplementacao  fertirrigacao  ifp  ilp  ilpf  latitude  longitude  mes_abate  estacao_abate  microrregiao  mesoregiao
0           0.5        0.50      0.305333                                          0.555556                       0.0            0.0                                0.0                                     1.0                      0.0                                 1.0                  0.0                                           1.0         0.0                                              0.0                       1.0           0.0                0.0            1.0            0.0  0.0  0.0   0.0  0.790232   0.447544   0.636364       0.666667           0.0    0.000000
1           0.0        0.25      0.505000                                          0.000000                       0.0            0.0                                0.0                                     1.0                      0.0                                 0.0                  0.0                                           1.0         0.0                                              0.0                       0.0           0.0                1.0            1.0            1.0  0.0  0.0   0.0  0.355274   0.000000   0.454545       0.333333           0.2    0.666667
2           1.0        0.50      0.203333                                          0.555556                       0.0            1.0                                0.0                                     1.0                      0.0                                 1.0                  1.0                                           1.0         1.0                                              0.0                       1.0           1.0                1.0            1.0            0.0  0.0  0.0   0.0  0.547315   0.308634   0.818182       1.000000           0.1    0.666667
3           0.0        0.00      0.341333                                          0.000000                       0.0            0.0                                0.0                                     1.0                      0.0                                 1.0                  0.0                                           1.0         0.0                                              0.0                       0.0           0.0                0.0            1.0            0.0  0.0  0.0   0.0  0.260515   0.599099   0.818182       1.000000           0.7    1.000000
4           1.0        0.00      0.128333                                          1.000000                       0.0            1.0                                0.0                                     1.0                      0.0                                 1.0                  0.0                                           1.0         0.0                                              0.0                       1.0           0.0                1.0            1.0            0.0  0.0  1.0   0.0  0.339156   0.491407   0.272727       0.333333           0.6    1.000000
5           0.5        0.50      0.321333                                          0.555556                       0.0            0.0                                0.0                                     1.0                      0.0                                 1.0                  0.0                                           1.0         0.0                                              0.0                       1.0           0.0                0.0            1.0            0.0  0.0  0.0   0.0  0.790232   0.447544   0.636364       0.666667           0.0    0.000000
6           0.0        0.25      0.681333                                          0.000000                       0.0            0.0                                0.0                                     1.0                      0.0                                 1.0                  0.0                                           1.0         0.0                                              0.0                       0.0           0.0                1.0            1.0            0.0  0.0  1.0   0.0  0.232795   0.527332   0.454545       0.666667           0.7    1.000000
7           0.5        0.75      0.409333                                          0.000000                       0.0            0.0                                0.0                                     1.0                      0.0                                 0.0                  0.0                                           1.0         0.0                                              0.0                       0.0           0.0                0.0            1.0            0.0  0.0  0.0   0.0  0.545360   0.305729   0.636364       0.666667           0.1    0.666667
8           1.0        0.00      0.098333                                          0.000000                       0.0            0.0                                0.0                                     1.0                      0.0                                 1.0                  0.0                                           1.0         0.0                                              0.0                       0.0           1.0                0.0            1.0            0.0  0.0  1.0   0.0  0.045360   0.489239   0.545455       0.666667           0.7    1.000000
9           1.0        0.25      0.080000                                          0.000000                       0.0            0.0                                0.0                                     0.0                      0.0                                 0.0                  0.0                                           0.0         0.0                                              0.0                       0.0           0.0                0.0            0.0            0.0  0.0  0.0   0.0  0.773437   0.717771   0.636364       0.666667           0.5    0.333333
10          0.0        0.25      0.368000                                          0.000000                       0.0            0.0                                0.0                                     1.0                      0.0                                 1.0                  0.0                                           1.0         0.0                                              0.0                       0.0           0.0                1.0            1.0            0.0  0.0  1.0   0.0  0.232795   0.527332   0.454545       0.666667           0.7    1.000000
11          1.0        0.50      0.118000                                          0.000000                       0.0            1.0                                0.0                                     0.0                      0.0                                 0.0                  0.0                                           0.0         0.0                                              0.0                       0.0           0.0                0.0            1.0            0.0  0.0  0.0   0.0  0.628344   0.440425   0.727273       0.666667           0.4    0.000000
12          0.0        0.25      0.381667                                          0.000000                       0.0            0.0                                0.0                                     1.0                      0.0                                 1.0                  1.0                                           1.0         0.0                                              0.0                       0.0           1.0                1.0            1.0            0.0  0.0  0.0   0.0  0.854578   0.459943   0.545455       0.666667           0.0    0.000000
13          0.5        0.25      0.286667                                          0.000000                       0.0            0.0                                0.0                                     0.0                      0.0                                 0.0                  0.0                                           0.0         0.0                                              0.0                       0.0           0.0                0.0            0.0            0.0  0.0  0.0   0.0  0.551834   0.445171   0.818182       1.000000           0.4    0.000000
14          1.0        0.50      0.084667                                          0.000000                       0.0            0.0                                0.0                                     0.0                      0.0                                 0.0                  0.0                                           0.0         0.0                                              0.0                       0.0           0.0                0.0            0.0            0.0  0.0  0.0   0.0  0.536757   0.171972   0.818182       1.000000           0.3    1.000000
15          0.0        0.75      0.427333                                          0.555556                       0.0            1.0                                0.0                                     1.0                      0.0                                 1.0                  0.0                                           1.0         0.0                                              0.0                       0.0           1.0                1.0            1.0            1.0  0.0  0.0   0.0  0.694299   0.565425   0.000000       0.000000           0.0    0.000000
16          0.5        0.75      0.412000                                          0.000000                       0.0            0.0                                0.0                                     1.0                      0.0                                 1.0                  0.0                                           1.0         0.0                                              0.0                       1.0           0.0                1.0            1.0            0.0  0.0  0.0   0.0  0.854578   0.459943   0.454545       0.333333           0.0    0.000000
17          0.5        0.25      0.432667                                          0.555556                       0.0            0.0                                0.0                                     1.0                      0.0                                 1.0                  0.0                                           1.0         0.0                                              0.0                       1.0           0.0                0.0            1.0            0.0  0.0  0.0   0.0  0.790232   0.447544   0.272727       0.333333           0.0    0.000000
18          0.0        0.25      0.423333                                          0.000000                       0.0            0.0                                0.0                                     1.0                      0.0                                 1.0                  1.0                                           1.0         1.0                                              0.0                       0.0           0.0                0.0            1.0            0.0  0.0  0.0   0.0  0.551702   0.607364   0.090909       0.000000           1.0    0.333333
19          0.0        0.25      0.426667                                          0.000000                       0.0            0.0                                0.0                                     1.0                      0.0                                 1.0                  1.0                                           1.0         1.0                                              0.0                       0.0           0.0                0.0            1.0            0.0  0.0  0.0   0.0  0.854578   0.459943   0.090909       0.000000           0.0    0.000000
20          0.0        0.25      0.471667                                          0.000000                       0.0            0.0                                0.0                                     1.0                      0.0                                 1.0                  1.0                                           1.0         1.0                                              0.0                       0.0           0.0                0.0            1.0            0.0  0.0  0.0   0.0  0.854578   0.459943   0.090909       0.000000           0.0    0.000000
21          0.0        0.50      0.478333                                          0.000000                       0.0            0.0                                0.0                                     1.0                      0.0                                 1.0                  1.0                                           1.0         1.0                                              0.0                       0.0           0.0                0.0            1.0            0.0  0.0  0.0   0.0  0.854578   0.459943   0.090909       0.000000           0.0    0.000000
22          0.0        0.25      0.400000                                          0.000000                       0.0            0.0                                0.0                                     1.0                      0.0                                 1.0                  1.0                                           1.0         1.0                                              0.0                       0.0           0.0                0.0            1.0            0.0  0.0  0.0   0.0  0.551702   0.607364   0.090909       0.000000           1.0    0.333333
23          0.0        0.25      0.383333                                          0.000000                       0.0            0.0                                0.0                                     1.0                      0.0                                 1.0                  1.0                                           1.0         1.0                                              0.0                       0.0           0.0                0.0            1.0            0.0  0.0  0.0   0.0  0.854578   0.459943   0.090909       0.000000           0.0    0.000000
24          1.0        0.00      0.116667                                          1.000000                       0.0            1.0                                0.0                                     1.0                      0.0                                 1.0                  0.0                                           1.0         0.0                                              0.0                       1.0           1.0                1.0            1.0            0.0  1.0  0.0   0.0  0.551746   0.476677   0.363636       0.333333           0.4    0.000000
25          1.0        0.25      0.092667                                          0.000000                       0.0            1.0                                0.0                                     0.0                      0.0                                 0.0                  0.0                                           0.0         0.0                                              0.0                       0.0           0.0                0.0            1.0            0.0  0.0  0.0   0.0  0.628344   0.440425   0.727273       0.666667           0.4    0.000000
26          0.0        0.50      0.463333                                          1.000000                       0.0            1.0                                0.0                                     1.0                      0.0                                 1.0                  0.0                                           1.0         0.0                                              0.0                       1.0           0.0                1.0            1.0            0.0  0.0  1.0   0.0  0.775981   0.033757   0.636364       0.666667           0.2    0.666667
27          1.0        0.75      0.128000                                          0.000000                       0.0            0.0                                0.0                                     0.0                      0.0                                 0.0                  0.0                                           0.0         0.0                                              0.0                       0.0           0.0                0.0            0.0            0.0  0.0  0.0   0.0  0.536757   0.171972   0.818182       1.000000           0.3    1.000000
28          0.0        0.50      0.523333                                          0.000000                       0.0            0.0                                0.0                                     1.0                      0.0                                 1.0                  1.0                                           1.0         1.0                                              0.0                       0.0           0.0                0.0            1.0            0.0  0.0  0.0   0.0  0.854578   0.459943   0.090909       0.000000           0.0    0.000000
29          0.0        0.00      0.384667                                          0.000000                       0.0            0.0                                0.0                                     1.0                      0.0                                 1.0                  0.0                                           1.0         0.0                                              0.0                       0.0           0.0                1.0            1.0            0.0  0.0  1.0   0.0  0.232795   0.527332   0.454545       0.666667           0.7    1.000000
30          0.0        0.50      0.360000                                          0.555556                       0.0            1.0                                0.0                                     1.0                      0.0                                 1.0                  1.0                                           1.0         1.0                                              0.0                       0.0           0.0                1.0            1.0            0.0  0.0  1.0   0.0  0.598843   0.513053   0.454545       0.333333           0.4    0.000000
31          0.0        0.50      0.485000                                          0.000000                       0.0            0.0                                0.0                                     1.0                      0.0                                 1.0                  1.0                                           1.0         1.0                                              0.0                       0.0           0.0                0.0            1.0            0.0  0.0  0.0   0.0  0.854578   0.459943   0.090909       0.000000           0.0    0.000000
32          0.0        0.25      0.546667                                          0.000000                       0.0            0.0                                0.0                                     1.0                      0.0                                 0.0                  0.0                                           1.0         0.0                                              0.0                       0.0           0.0                1.0            1.0            1.0  0.0  0.0   0.0  0.355274   0.000000   0.090909       0.000000           0.2    0.666667
33          0.0        0.25      0.411667                                          0.000000                       0.0            0.0                                0.0                                     1.0                      0.0                                 1.0                  1.0                                           1.0         1.0                                              0.0                       0.0           0.0                0.0            1.0            0.0  0.0  0.0   0.0  0.854578   0.459943   0.090909       0.000000           0.0    0.000000
34          0.0        0.50      0.370000                                          0.000000                       0.0            0.0                                0.0                                     1.0                      0.0                                 1.0                  1.0                                           1.0         1.0                                              0.0                       0.0           0.0                0.0            1.0            0.0  0.0  0.0   0.0  0.854578   0.459943   0.090909       0.000000           0.0    0.000000
35          0.5        0.50      0.331333                                          0.000000                       0.0            0.0                                0.0                                     0.0                      0.0                                 0.0                  0.0                                           0.0         0.0                                              0.0                       0.0           0.0                0.0            0.0            0.0  0.0  0.0   0.0  0.551834   0.445171   0.818182       1.000000           0.4    0.000000
36          1.0        0.00      0.150667                                          0.000000                       0.0            0.0                                0.0                                     1.0                      0.0                                 0.0                  0.0                                           1.0         0.0                                              0.0                       0.0           0.0                0.0            1.0            0.0  0.0  0.0   0.0  0.663928   0.876800   0.545455       0.666667           0.9    0.333333
37          0.0        0.50      0.443333                                          0.555556                       0.0            0.0                                0.0                                     1.0                      0.0                                 1.0                  1.0                                           1.0         1.0                                              0.0                       0.0           0.0                1.0            1.0            0.0  0.0  0.0   0.0  0.663928   0.876800   0.727273       0.666667           0.9    0.333333
38          0.5        0.25      0.311667                                          0.000000                       0.0            1.0                                0.0                                     1.0                      0.0                                 1.0                  0.0                                           1.0         0.0                                              0.0                       0.0           0.0                0.0            1.0            0.0  0.0  1.0   0.0  0.141597   0.543821   0.181818       0.000000           0.7    1.000000
39          0.5        0.50      0.398333                                          0.000000                       0.0            1.0                                0.0                                     0.0                      0.0                                 1.0                  1.0                                           0.0         1.0                                              0.0                       0.0           1.0                0.0            1.0            0.0  0.0  0.0   0.0  0.052833   0.422259   0.272727       0.333333           0.7    1.000000
40          0.5        0.25      0.753333                                          0.555556                       0.0            0.0                                0.0                                     1.0                      0.0                                 1.0                  1.0                                           1.0         1.0                                              0.0                       0.0           0.0                1.0            1.0            0.0  1.0  0.0   0.0  0.352884   0.804296   0.090909       0.000000           0.8    0.333333
41          1.0        0.25      0.065333                                          0.000000                       0.0            0.0                                0.0                                     1.0                      0.0                                 1.0                  0.0                                           1.0         0.0                                              0.0                       0.0           0.0                0.0            1.0            0.0  0.0  0.0   0.0  0.633863   0.518289   0.272727       0.333333           0.4    0.000000
42          0.0        0.25      0.291333                                          0.000000                       0.0            0.0                                0.0                                     1.0                      0.0                                 1.0                  0.0                                           1.0         0.0                                              0.0                       0.0           0.0                0.0            1.0            0.0  0.0  0.0   0.0  0.260515   0.599099   0.818182       1.000000           0.7    1.000000
43          0.0        0.50      0.322000                                          0.000000                       0.0            0.0                                0.0                                     1.0                      0.0                                 1.0                  1.0                                           1.0         1.0                                              0.0                       0.0           0.0                0.0            1.0            0.0  0.0  0.0   0.0  0.551702   0.607364   0.454545       0.666667           1.0    0.333333
44          1.0        0.25      0.110000                                          0.000000                       0.0            1.0                                0.0                                     0.0                      0.0                                 1.0                  0.0                                           0.0         0.0                                              0.0                       0.0           0.0                1.0            0.0            0.0  0.0  1.0   0.0  0.077556   0.544640   0.181818       0.000000           0.7    1.000000
45          0.0        0.25      0.332667                                          0.555556                       0.0            1.0                                0.0                                     1.0                      0.0                                 1.0                  0.0                                           1.0         0.0                                              0.0                       0.0           1.0                1.0            1.0            1.0  0.0  0.0   0.0  0.694299   0.565425   0.818182       1.000000           0.0    0.000000
46          0.0        0.00      0.344667                                          0.000000                       0.0            0.0                                0.0                                     1.0                      0.0                                 1.0                  0.0                                           1.0         0.0                                              0.0                       0.0           0.0                0.0            1.0            0.0  0.0  0.0   0.0  0.260515   0.599099   0.818182       1.000000           0.7    1.000000
47          1.0        0.00      0.061667                                          0.000000                       0.0            1.0                                0.0                                     1.0                      0.0                                 0.0                  0.0                                           1.0         0.0                                              0.0                       0.0           1.0                0.0            1.0            0.0  0.0  1.0   0.0  0.077556   0.544640   0.545455       0.666667           0.7    1.000000
48          0.0        0.50      0.528000                                          0.555556                       0.0            0.0                                0.0                                     1.0                      0.0                                 1.0                  1.0                                           1.0         1.0                                              0.0                       0.0           0.0                1.0            1.0            0.0  1.0  0.0   0.0  0.352884   0.804296   0.454545       0.333333           0.8    0.333333
49          0.0        0.00      0.236667                                          0.555556                       0.0            1.0                                0.0                                     1.0                      0.0                                 1.0                  0.0                                           1.0         0.0                                              0.0                       0.0           1.0                1.0            1.0            1.0  0.0  0.0   0.0  0.694299   0.565425   1.000000       1.000000           0.0    0.000000
X Treino (402533, 28)
Y Treino:         acabamento
0                1
1                1
2                1
3                1
4                1
5                1
6                1
7                1
8                1
9                1
10               1
11               1
12               1
13               1
14               1
15               1
16               1
17               1
18               1
19               1
20               1
21               1
22               1
23               1
24               1
25               1
26               1
27               1
28               1
29               1
...            ...
402503           5
402504           5
402505           5
402506           5
402507           5
402508           5
402509           5
402510           5
402511           5
402512           5
402513           5
402514           5
402515           5
402516           5
402517           5
402518           5
402519           5
402520           5
402521           5
402522           5
402523           5
402524           5
402525           5
402526           5
402527           5
402528           5
402529           5
402530           5
402531           5
402532           5

[402533 rows x 1 columns]

Validação cruzada MNB : [0.62234809 0.62224403 0.62320047 0.62320821 0.62018508]
MNB: (0.6222) +/- (0.001)
Matriz de Confusão Balanceado
[[     0   1396    949      0      0]
 [     0  95740  68950      0      0]
 [     0  44313 154731      0      0]
 [     0   3401  32895      0      0]
 [     0      0    158      0      0]]
                   pre       rec       spe        f1       geo       iba       sup

          1       0.00      0.00      1.00      0.00      0.00      0.00      2345
          2       0.66      0.58      0.79      0.62      0.68      0.45    164690
          3       0.60      0.78      0.49      0.68      0.62      0.39    199044
          4       0.00      0.00      1.00      0.00      0.00      0.00     36296
          5       0.00      0.00      1.00      0.00      0.00      0.00       158

avg / total       0.57      0.62      0.67      0.59      0.58      0.38    402533

Validação cruzada MNB : [0.57282367 0.5716407  0.5735629  0.57090409 0.56950113]
MNB: (0.5717) +/- (0.001)
Matriz de Confusão Não Balanceado
[[     0   1163   1182      0      0]
 [     0  50675 164703      0      0]
 [     0  31605 263066      0      0]
 [     0    871  35425      0      0]
 [     0      0    158      0      0]]
                   pre       rec       spe        f1       geo       iba       sup

          1       0.00      0.00      1.00      0.00      0.00      0.00      2345
          2       0.60      0.24      0.90      0.34      0.46      0.20    215378
          3       0.57      0.89      0.21      0.69      0.43      0.20    294671
          4       0.00      0.00      1.00      0.00      0.00      0.00     36296
          5       0.00      0.00      1.00      0.00      0.00      0.00       158

avg / total       0.54      0.57      0.53      0.50      0.41      0.18    548848

Tempo de execução do MNB: 12.5423 segundos


Validação cruzada DTC : [0.88540269 0.8832027  0.88201026 0.8824187  0.88367182]
DTC: (0.8833) +/- (0.001)
Matriz de Confusão Balanceado
[[  1336    814    160     35      0]
 [   901 149514  12796   1479      0]
 [   196  11783 177543   9506     16]
 [    40   1624  11133  23423     76]
 [     1      2     17     67     71]]
                   pre       rec       spe        f1       geo       iba       sup

          1       0.54      0.57      1.00      0.55      0.75      0.54      2345
          2       0.91      0.91      0.94      0.91      0.92      0.85    164690
          3       0.88      0.89      0.88      0.89      0.89      0.79    199044
          4       0.68      0.65      0.97      0.66      0.79      0.61     36296
          5       0.44      0.45      1.00      0.44      0.67      0.42       158

avg / total       0.87      0.87      0.91      0.87      0.89      0.80    402533

Validação cruzada DTC : [0.63715702 0.63735993 0.63788831 0.63818235 0.63775417]
DTC: (0.6377) +/- (0.000)
Matriz de Confusão Não Balanceado
[[  1093    980    257     15      0]
 [  1304 135357  76092   2623      2]
 [   360  88063 193261  12949     38]
 [    14   3127  14302  18781     72]
 [     0      4     35     54     65]]
                   pre       rec       spe        f1       geo       iba       sup

          1       0.39      0.47      1.00      0.43      0.68      0.44      2345
          2       0.59      0.63      0.72      0.61      0.67      0.45    215378
          3       0.68      0.66      0.64      0.67      0.65      0.42    294671
          4       0.55      0.52      0.97      0.53      0.71      0.48     36296
          5       0.37      0.41      1.00      0.39      0.64      0.39       158

avg / total       0.64      0.64      0.70      0.64      0.66      0.44    548848

Tempo de execução do DTC: 74.3539 segundos


Validação cruzada K-NN : [0.88317931 0.88263132 0.88327723 0.88146225 0.88131172]
K-NN: (0.8824) +/- (0.001)
Matriz de Confusão Balanceado
[[   932   1225    173     15      0]
 [   326 147611  16294    459      0]
 [    60  13881 179416   5686      1]
 [    18   1621  11420  23207     30]
 [     0      1     25    106     26]]
                   pre       rec       spe        f1       geo       iba       sup

          1       0.70      0.40      1.00      0.51      0.63      0.37      2345
          2       0.90      0.90      0.93      0.90      0.91      0.83    164690
          3       0.87      0.90      0.86      0.88      0.88      0.78    199044
          4       0.79      0.64      0.98      0.71      0.79      0.61     36296
          5       0.46      0.16      1.00      0.24      0.41      0.15       158

avg / total       0.87      0.87      0.90      0.87      0.88      0.78    402533

Validação cruzada K-NN : [0.68917392 0.69042544 0.68884941 0.6870946  0.68918993]
K-NN: (0.6889) +/- (0.001)
Matriz de Confusão Não Balanceado
[[   752   1363    223      7      0]
 [   643 139484  74211   1038      2]
 [   196  68234 217798   8435      8]
 [    10   2225  14147  19887     27]
 [     0      5     35     94     24]]
                   pre       rec       spe        f1       geo       iba       sup

          1       0.47      0.32      1.00      0.38      0.57      0.30      2345
          2       0.66      0.65      0.78      0.65      0.71      0.50    215378
          3       0.71      0.74      0.65      0.72      0.69      0.49    294671
          4       0.68      0.55      0.98      0.60      0.73      0.51     36296
          5       0.39      0.15      1.00      0.22      0.39      0.14       158

avg / total       0.69      0.69      0.73      0.69      0.70      0.49    548848

Tempo de execução do K-NN: 9406.1369 segundos


Validação cruzada SVM : [0.72468575 0.72684363 0.72452085 0.7214866  0.72298615]
SVM: (0.7241) +/- (0.002)
Matriz de Confusão Balanceado
[[    0   456   130     0     0]
 [    0 30765 22925   155     0]
 [    0 15507 57364   797     0]
 [    0   446  7174  1454     0]
 [    0     0    36     4     0]]
                   pre       rec       spe        f1       geo       iba       sup
          1       0.00      0.00      1.00      0.00      0.00      0.00       586
          2       0.65      0.57      0.80      0.61      0.68      0.45     53845
          3       0.65      0.78      0.52      0.71      0.64      0.42     73668
          4       0.60      0.16      0.99      0.25      0.40      0.15      9074
          5       0.00      0.00      1.00      0.00      0.00      0.00        40
avg / total       0.65      0.65      0.67      0.64      0.64      0.41    137213