   tipificacao  maturidade  peso_carcaca  questionario_classificacao_estabelecimento_rural  possui_outros_incentivos  fabrica_racao  area_total_destinada_confinamento  area_manejada_80_boa_cobertura_vegetal  area_manejada_20_erosao  dispoe_de_identificacao_individual  rastreamento_sisbov  faz_controle_pastejo_regua_de_manejo_embrapa  lita_trace  apresenta_atestado_programas_controle_qualidade  envolvido_em_organizacao  confinamento  semi_confinamento  suplementacao  fertirrigacao  ifp  ilp  ilpf  latitude  longitude  mes_abate  estacao_abate  microrregiao  mesoregiao  acabamento
0          0.0         0.0      0.603333                                          0.555556                       0.0            1.0                                0.0                                     1.0                      0.0                                 1.0                  0.0                                           1.0         0.0                                              0.0                       0.0           1.0                1.0            1.0            1.0  0.0  1.0   0.0  0.424575   0.861048   0.818182            1.0           1.0    0.333333           3
1          0.0         0.0      0.620000                                          0.555556                       0.0            1.0                                0.0                                     1.0                      0.0                                 1.0                  0.0                                           1.0         0.0                                              0.0                       0.0           1.0                1.0            1.0            1.0  0.0  1.0   0.0  0.424575   0.861048   0.818182            1.0           1.0    0.333333           2
2          0.0         0.0      0.730000                                          0.555556                       0.0            1.0                                0.0                                     1.0                      0.0                                 1.0                  0.0                                           1.0         0.0                                              0.0                       0.0           1.0                1.0            1.0            1.0  0.0  1.0   0.0  0.424575   0.861048   0.818182            1.0           1.0    0.333333           3
3          0.0         0.0      0.718333                                          0.555556                       0.0            1.0                                0.0                                     1.0                      0.0                                 1.0                  0.0                                           1.0         0.0                                              0.0                       0.0           1.0                1.0            1.0            1.0  0.0  1.0   0.0  0.424575   0.861048   0.818182            1.0           1.0    0.333333           3
4          0.0         0.0      0.693333                                          0.555556                       0.0            1.0                                0.0                                     1.0                      0.0                                 1.0                  0.0                                           1.0         0.0                                              0.0                       0.0           1.0                1.0            1.0            1.0  0.0  1.0   0.0  0.424575   0.861048   0.818182            1.0           1.0    0.333333           3
Classes para balancear [2, 3]
(70.0, '/', 30.0)
EditedNearestNeighbours(kind_sel='all', n_jobs=4, n_neighbors=3,
            random_state=None, ratio=None, return_indices=False,
            sampling_strategy=[2, 3])
[(1, 2052), (2, 65578), (3, 110851), (4, 31759), (5, 138)]
X Treino:     tipificacao  maturidade  peso_carcaca  questionario_classificacao_estabelecimento_rural  possui_outros_incentivos  fabrica_racao  area_total_destinada_confinamento  area_manejada_80_boa_cobertura_vegetal  area_manejada_20_erosao  dispoe_de_identificacao_individual  rastreamento_sisbov  faz_controle_pastejo_regua_de_manejo_embrapa  lita_trace  apresenta_atestado_programas_controle_qualidade  envolvido_em_organizacao  confinamento  semi_confinamento  suplementacao  fertirrigacao  ifp  ilp  ilpf  latitude  longitude  mes_abate  estacao_abate  microrregiao  mesoregiao
0           0.5        0.50      0.433333                                          0.555556                       0.0            0.0                                0.0                                     1.0                      0.0                                 1.0                  0.0                                           1.0         0.0                                              0.0                       0.0           1.0                0.0            1.0            1.0  0.0  0.0   1.0  0.827561   0.625168   0.727273       1.000000           0.0    0.000000
1           0.0        0.25      0.540000                                          0.000000                       0.0            0.0                                0.0                                     1.0                      0.0                                 0.0                  0.0                                           1.0         0.0                                              0.0                       0.0           0.0                1.0            1.0            1.0  0.0  0.0   0.0  0.355274   0.000000   0.090909       0.000000           0.2    0.666667
2           0.0        0.00      0.341333                                          0.000000                       0.0            0.0                                0.0                                     1.0                      0.0                                 1.0                  0.0                                           1.0         0.0                                              0.0                       0.0           0.0                0.0            1.0            0.0  0.0  0.0   0.0  0.260515   0.599099   0.818182       1.000000           0.7    1.000000
3           0.5        0.50      0.330000                                          0.000000                       0.0            1.0                                0.0                                     0.0                      0.0                                 0.0                  0.0                                           0.0         0.0                                              0.0                       0.0           0.0                1.0            1.0            0.0  0.0  1.0   0.0  0.045360   0.489239   0.363636       0.333333           0.7    1.000000
4           0.5        0.75      0.371667                                          0.000000                       0.0            1.0                                0.0                                     1.0                      0.0                                 1.0                  0.0                                           1.0         0.0                                              0.0                       0.0           0.0                0.0            1.0            0.0  0.0  1.0   0.0  0.141597   0.543821   0.181818       0.000000           0.7    1.000000
5           0.0        0.00      0.466667                                          0.000000                       0.0            0.0                                0.0                                     1.0                      0.0                                 1.0                  1.0                                           1.0         1.0                                              0.0                       0.0           0.0                0.0            1.0            0.0  0.0  0.0   0.0  0.551702   0.607364   0.090909       0.000000           1.0    0.333333
6           0.5        0.25      0.286667                                          0.000000                       0.0            0.0                                0.0                                     0.0                      0.0                                 0.0                  0.0                                           0.0         0.0                                              0.0                       0.0           0.0                0.0            0.0            0.0  0.0  0.0   0.0  0.551834   0.445171   0.818182       1.000000           0.4    0.000000
7           0.0        0.25      0.491667                                          0.000000                       0.0            0.0                                0.0                                     1.0                      0.0                                 0.0                  0.0                                           1.0         0.0                                              0.0                       0.0           0.0                1.0            1.0            1.0  0.0  0.0   0.0  0.355274   0.000000   0.090909       0.000000           0.2    0.666667
8           0.0        0.25      0.401667                                          0.000000                       0.0            0.0                                0.0                                     0.0                      0.0                                 1.0                  0.0                                           0.0         0.0                                              0.0                       0.0           0.0                0.0            1.0            0.0  0.0  0.0   0.0  0.547315   0.308634   0.000000       0.000000           0.1    0.666667
9           1.0        0.75      0.128000                                          0.000000                       0.0            0.0                                0.0                                     0.0                      0.0                                 0.0                  0.0                                           0.0         0.0                                              0.0                       0.0           0.0                0.0            0.0            0.0  0.0  0.0   0.0  0.536757   0.171972   0.818182       1.000000           0.3    1.000000
10          0.0        0.50      0.314000                                          0.555556                       0.0            1.0                                0.0                                     1.0                      0.0                                 1.0                  0.0                                           1.0         0.0                                              0.0                       0.0           1.0                1.0            1.0            1.0  0.0  0.0   0.0  0.694299   0.565425   1.000000       1.000000           0.0    0.000000
11          0.5        0.50      0.534000                                          0.000000                       0.0            0.0                                0.0                                     0.0                      0.0                                 1.0                  0.0                                           0.0         0.0                                              0.0                       0.0           0.0                0.0            1.0            0.0  0.0  0.0   0.0  0.715588   0.488461   0.454545       0.333333           0.0    0.000000
12          0.0        0.25      0.591667                                          0.000000                       0.0            0.0                                0.0                                     1.0                      0.0                                 1.0                  1.0                                           1.0         1.0                                              0.0                       0.0           0.0                0.0            1.0            0.0  0.0  0.0   0.0  0.854578   0.459943   0.090909       0.000000           0.0    0.000000
13          1.0        0.25      0.028333                                          0.000000                       0.0            0.0                                0.0                                     1.0                      0.0                                 0.0                  0.0                                           1.0         0.0                                              0.0                       0.0           0.0                1.0            1.0            0.0  0.0  1.0   0.0  0.141597   0.543821   0.363636       0.333333           0.7    1.000000
14          0.0        1.00      0.314667                                          0.000000                       0.0            1.0                                0.0                                     1.0                      0.0                                 1.0                  1.0                                           1.0         1.0                                              0.0                       0.0           1.0                0.0            1.0            0.0  0.0  0.0   0.0  0.694299   0.565425   0.454545       0.666667           0.0    0.000000
15          0.0        0.50      0.405000                                          0.555556                       0.0            0.0                                0.0                                     1.0                      0.0                                 1.0                  1.0                                           1.0         0.0                                              0.0                       0.0           1.0                1.0            1.0            0.0  0.0  0.0   0.0  0.715588   0.488461   0.727273       0.666667           0.0    0.000000
16          0.0        0.25      0.213333                                          0.555556                       0.0            1.0                                0.0                                     1.0                      0.0                                 1.0                  0.0                                           1.0         0.0                                              0.0                       0.0           1.0                1.0            1.0            1.0  0.0  0.0   0.0  0.694299   0.565425   0.909091       1.000000           0.0    0.000000
17          0.0        0.50      0.315333                                          0.000000                       0.0            1.0                                0.0                                     0.0                      0.0                                 1.0                  0.0                                           0.0         0.0                                              0.0                       0.0           0.0                1.0            1.0            0.0  1.0  0.0   0.0  0.503519   0.913871   0.727273       1.000000           1.0    0.333333
18          0.0        0.50      0.508333                                          0.000000                       0.0            0.0                                0.0                                     1.0                      0.0                                 1.0                  1.0                                           1.0         1.0                                              0.0                       0.0           0.0                0.0            1.0            0.0  0.0  0.0   0.0  0.854578   0.459943   0.090909       0.000000           0.0    0.000000
19          0.0        0.50      0.374000                                          0.555556                       0.0            1.0                                0.0                                     1.0                      0.0                                 1.0                  0.0                                           1.0         0.0                                              0.0                       0.0           1.0                1.0            1.0            1.0  0.0  0.0   0.0  0.694299   0.565425   0.000000       0.000000           0.0    0.000000
20          0.0        0.50      0.382000                                          1.000000                       0.0            1.0                                0.0                                     1.0                      0.0                                 1.0                  1.0                                           1.0         1.0                                              0.0                       1.0           1.0                0.0            1.0            1.0  0.0  1.0   0.0  0.551834   0.445171   0.818182       1.000000           0.4    0.000000
21          0.0        0.50      0.270667                                          0.000000                       0.0            1.0                                0.0                                     1.0                      0.0                                 1.0                  1.0                                           1.0         1.0                                              0.0                       0.0           1.0                0.0            1.0            0.0  0.0  0.0   0.0  0.694299   0.565425   0.454545       0.666667           0.0    0.000000
22          0.5        1.00      0.321333                                          1.000000                       0.0            1.0                                0.0                                     1.0                      0.0                                 1.0                  0.0                                           1.0         0.0                                              0.0                       1.0           0.0                1.0            1.0            1.0  0.0  1.0   0.0  0.647331   0.449714   0.454545       0.333333           0.4    0.000000
23          0.0        0.00      0.046000                                          0.555556                       0.0            1.0                                0.0                                     1.0                      0.0                                 1.0                  1.0                                           1.0         1.0                                              0.0                       0.0           0.0                0.0            1.0            1.0  0.0  0.0   0.0  0.790232   0.447544   0.454545       0.333333           0.0    0.000000
24          0.0        0.25      0.403333                                          0.000000                       0.0            0.0                                0.0                                     1.0                      0.0                                 1.0                  1.0                                           1.0         1.0                                              0.0                       0.0           0.0                0.0            1.0            0.0  0.0  0.0   0.0  0.551702   0.607364   0.454545       0.666667           1.0    0.333333
25          1.0        0.50      0.118000                                          0.000000                       0.0            1.0                                0.0                                     0.0                      0.0                                 0.0                  0.0                                           0.0         0.0                                              0.0                       0.0           0.0                0.0            1.0            0.0  0.0  0.0   0.0  0.628344   0.440425   0.727273       0.666667           0.4    0.000000
26          0.0        0.50      0.354000                                          0.000000                       0.0            1.0                                0.0                                     1.0                      0.0                                 0.0                  0.0                                           1.0         0.0                                              0.0                       0.0           0.0                1.0            1.0            0.0  0.0  0.0   0.0  0.633863   0.518289   0.454545       0.666667           0.4    0.000000
27          0.0        0.00      0.306667                                          0.000000                       0.0            0.0                                0.0                                     1.0                      0.0                                 1.0                  0.0                                           1.0         0.0                                              0.0                       0.0           0.0                1.0            1.0            0.0  0.0  1.0   0.0  0.232795   0.527332   0.454545       0.666667           0.7    1.000000
28          1.0        0.25      0.065333                                          0.000000                       0.0            0.0                                0.0                                     1.0                      0.0                                 1.0                  0.0                                           1.0         0.0                                              0.0                       0.0           0.0                0.0            1.0            0.0  0.0  0.0   0.0  0.633863   0.518289   0.272727       0.333333           0.4    0.000000
29          0.5        0.75      0.568667                                          0.000000                       0.0            1.0                                0.0                                     1.0                      0.0                                 0.0                  0.0                                           1.0         0.0                                              0.0                       0.0           0.0                1.0            1.0            1.0  0.0  0.0   0.0  0.628344   0.440425   0.636364       0.666667           0.4    0.000000
30          1.0        0.25      0.130000                                          0.000000                       0.0            1.0                                0.0                                     0.0                      0.0                                 0.0                  0.0                                           0.0         0.0                                              0.0                       0.0           0.0                0.0            1.0            0.0  0.0  0.0   0.0  0.628344   0.440425   0.727273       0.666667           0.4    0.000000
31          0.0        0.50      0.384667                                          0.000000                       0.0            0.0                                0.0                                     1.0                      0.0                                 1.0                  1.0                                           1.0         1.0                                              0.0                       0.0           0.0                0.0            1.0            0.0  0.0  0.0   0.0  0.551702   0.607364   0.454545       0.666667           1.0    0.333333
32          1.0        0.00      0.053333                                          0.000000                       0.0            0.0                                0.0                                     1.0                      0.0                                 0.0                  0.0                                           1.0         0.0                                              0.0                       0.0           0.0                1.0            1.0            0.0  0.0  1.0   0.0  0.141597   0.543821   0.363636       0.333333           0.7    1.000000
33          0.0        0.25      0.361667                                          0.000000                       0.0            0.0                                0.0                                     1.0                      0.0                                 1.0                  1.0                                           1.0         1.0                                              0.0                       0.0           0.0                0.0            1.0            0.0  0.0  0.0   0.0  0.854578   0.459943   0.090909       0.000000           0.0    0.000000
34          0.0        0.00      0.338333                                          0.000000                       0.0            0.0                                0.0                                     0.0                      0.0                                 1.0                  0.0                                           0.0         0.0                                              0.0                       0.0           0.0                0.0            1.0            0.0  0.0  1.0   0.0  0.503519   0.913871   0.636364       0.666667           1.0    0.333333
35          0.0        0.50      0.511667                                          0.555556                       0.0            0.0                                0.0                                     1.0                      0.0                                 1.0                  1.0                                           1.0         1.0                                              0.0                       0.0           0.0                1.0            1.0            0.0  0.0  0.0   0.0  0.663928   0.876800   0.727273       0.666667           0.9    0.333333
36          1.0        0.00      0.076000                                          0.000000                       0.0            1.0                                0.0                                     0.0                      0.0                                 1.0                  0.0                                           0.0         0.0                                              0.0                       0.0           0.0                0.0            1.0            0.0  0.0  0.0   0.0  0.707117   0.426514   0.090909       0.000000           0.4    0.000000
37          0.0        0.00      0.278000                                          0.000000                       0.0            0.0                                0.0                                     1.0                      0.0                                 1.0                  0.0                                           1.0         0.0                                              0.0                       0.0           0.0                0.0            1.0            0.0  0.0  0.0   0.0  0.260515   0.599099   0.818182       1.000000           0.7    1.000000
38          0.0        0.25      0.443333                                          0.000000                       0.0            0.0                                0.0                                     1.0                      0.0                                 1.0                  1.0                                           1.0         1.0                                              0.0                       0.0           0.0                0.0            1.0            0.0  0.0  0.0   0.0  0.854578   0.459943   0.090909       0.000000           0.0    0.000000
39          0.0        0.50      0.394667                                          0.555556                       0.0            1.0                                0.0                                     1.0                      0.0                                 1.0                  0.0                                           1.0         0.0                                              0.0                       0.0           1.0                1.0            1.0            1.0  0.0  0.0   0.0  0.694299   0.565425   0.818182       1.000000           0.0    0.000000
40          1.0        0.00      0.166000                                          0.555556                       0.0            0.0                                0.0                                     1.0                      0.0                                 0.0                  0.0                                           1.0         0.0                                              0.0                       1.0           0.0                1.0            1.0            0.0  0.0  0.0   0.0  0.694299   0.565425   0.818182       1.000000           0.0    0.000000
41          0.0        0.00      0.216667                                          0.555556                       0.0            1.0                                0.0                                     1.0                      0.0                                 1.0                  0.0                                           1.0         0.0                                              0.0                       0.0           1.0                1.0            1.0            1.0  0.0  0.0   0.0  0.694299   0.565425   1.000000       1.000000           0.0    0.000000
42          0.0        0.50      0.240667                                          0.555556                       0.0            1.0                                0.0                                     1.0                      0.0                                 1.0                  0.0                                           1.0         0.0                                              0.0                       0.0           1.0                1.0            1.0            1.0  0.0  0.0   0.0  0.694299   0.565425   0.000000       0.000000           0.0    0.000000
43          0.0        0.50      0.380000                                          0.000000                       0.0            1.0                                0.0                                     0.0                      0.0                                 0.0                  0.0                                           0.0         0.0                                              0.0                       1.0           0.0                1.0            1.0            0.0  0.0  1.0   0.0  0.368483   0.399796   0.636364       0.666667           0.6    1.000000
44          0.0        0.50      0.312000                                          0.555556                       0.0            1.0                                0.0                                     1.0                      0.0                                 1.0                  0.0                                           1.0         0.0                                              0.0                       0.0           1.0                1.0            1.0            1.0  0.0  0.0   0.0  0.694299   0.565425   0.272727       0.333333           0.0    0.000000
45          0.5        0.25      0.360000                                          0.000000                       0.0            1.0                                0.0                                     0.0                      0.0                                 0.0                  0.0                                           0.0         0.0                                              0.0                       0.0           0.0                1.0            1.0            0.0  0.0  1.0   0.0  0.045360   0.489239   0.363636       0.333333           0.7    1.000000
46          0.0        0.25      0.353333                                          0.000000                       0.0            0.0                                0.0                                     1.0                      0.0                                 1.0                  1.0                                           1.0         1.0                                              0.0                       0.0           0.0                0.0            1.0            0.0  0.0  0.0   0.0  0.854578   0.459943   0.090909       0.000000           0.0    0.000000
47          1.0        0.00      0.200000                                          0.555556                       0.0            1.0                                0.0                                     1.0                      0.0                                 1.0                  0.0                                           1.0         0.0                                              0.0                       0.0           0.0                0.0            1.0            0.0  0.0  1.0   0.0  0.173574   0.483101   0.636364       0.666667           0.6    1.000000
48          0.5        0.75      0.412000                                          0.000000                       0.0            0.0                                0.0                                     1.0                      0.0                                 1.0                  0.0                                           1.0         0.0                                              0.0                       1.0           0.0                1.0            1.0            0.0  0.0  0.0   0.0  0.854578   0.459943   0.454545       0.333333           0.0    0.000000
49          1.0        0.00      0.113333                                          0.000000                       0.0            1.0                                0.0                                     0.0                      0.0                                 1.0                  0.0                                           0.0         0.0                                              0.0                       0.0           0.0                1.0            0.0            0.0  0.0  1.0   0.0  0.077556   0.544640   0.545455       0.666667           0.7    1.000000
Y Treino: [1 1 1 ... 5 5 5]
Caraterísticas ordenadas pelo rank VarianceThreshold:
        tipificacao  questionario_classificacao_estabelecimento_rural  fabrica_racao  dispoe_de_identificacao_individual  rastreamento_sisbov  lita_trace  envolvido_em_organizacao  confinamento  semi_confinamento  ilp
0               0.5                                          0.555556            0.0                                 1.0                  0.0         0.0                       0.0           1.0                0.0  0.0
1               0.0                                          0.000000            0.0                                 0.0                  0.0         0.0                       0.0           0.0                1.0  0.0
2               0.0                                          0.000000            0.0                                 1.0                  0.0         0.0                       0.0           0.0                0.0  0.0
3               0.5                                          0.000000            1.0                                 0.0                  0.0         0.0                       0.0           0.0                1.0  1.0
4               0.5                                          0.000000            1.0                                 1.0                  0.0         0.0                       0.0           0.0                0.0  1.0
5               0.0                                          0.000000            0.0                                 1.0                  1.0         1.0                       0.0           0.0                0.0  0.0
6               0.5                                          0.000000            0.0                                 0.0                  0.0         0.0                       0.0           0.0                0.0  0.0
7               0.0                                          0.000000            0.0                                 0.0                  0.0         0.0                       0.0           0.0                1.0  0.0
8               0.0                                          0.000000            0.0                                 1.0                  0.0         0.0                       0.0           0.0                0.0  0.0
9               1.0                                          0.000000            0.0                                 0.0                  0.0         0.0                       0.0           0.0                0.0  0.0
10              0.0                                          0.555556            1.0                                 1.0                  0.0         0.0                       0.0           1.0                1.0  0.0
11              0.5                                          0.000000            0.0                                 1.0                  0.0         0.0                       0.0           0.0                0.0  0.0
12              0.0                                          0.000000            0.0                                 1.0                  1.0         1.0                       0.0           0.0                0.0  0.0
13              1.0                                          0.000000            0.0                                 0.0                  0.0         0.0                       0.0           0.0                1.0  1.0
14              0.0                                          0.000000            1.0                                 1.0                  1.0         1.0                       0.0           1.0                0.0  0.0
15              0.0                                          0.555556            0.0                                 1.0                  1.0         0.0                       0.0           1.0                1.0  0.0
16              0.0                                          0.555556            1.0                                 1.0                  0.0         0.0                       0.0           1.0                1.0  0.0
17              0.0                                          0.000000            1.0                                 1.0                  0.0         0.0                       0.0           0.0                1.0  0.0
18              0.0                                          0.000000            0.0                                 1.0                  1.0         1.0                       0.0           0.0                0.0  0.0
19              0.0                                          0.555556            1.0                                 1.0                  0.0         0.0                       0.0           1.0                1.0  0.0
20              0.0                                          1.000000            1.0                                 1.0                  1.0         1.0                       1.0           1.0                0.0  1.0
21              0.0                                          0.000000            1.0                                 1.0                  1.0         1.0                       0.0           1.0                0.0  0.0
22              0.5                                          1.000000            1.0                                 1.0                  0.0         0.0                       1.0           0.0                1.0  1.0
23              0.0                                          0.555556            1.0                                 1.0                  1.0         1.0                       0.0           0.0                0.0  0.0
24              0.0                                          0.000000            0.0                                 1.0                  1.0         1.0                       0.0           0.0                0.0  0.0
25              1.0                                          0.000000            1.0                                 0.0                  0.0         0.0                       0.0           0.0                0.0  0.0
26              0.0                                          0.000000            1.0                                 0.0                  0.0         0.0                       0.0           0.0                1.0  0.0
27              0.0                                          0.000000            0.0                                 1.0                  0.0         0.0                       0.0           0.0                1.0  1.0
28              1.0                                          0.000000            0.0                                 1.0                  0.0         0.0                       0.0           0.0                0.0  0.0
29              0.5                                          0.000000            1.0                                 0.0                  0.0         0.0                       0.0           0.0                1.0  0.0
...             ...                                               ...            ...                                 ...                  ...         ...                       ...           ...                ...  ...
210348          1.0                                          1.000000            1.0                                 1.0                  0.0         0.0                       1.0           1.0                1.0  1.0
210349          1.0                                          0.000000            1.0                                 0.0                  0.0         0.0                       0.0           1.0                1.0  0.0
210350          1.0                                          0.000000            1.0                                 0.0                  0.0         0.0                       1.0           0.0                1.0  0.0
210351          1.0                                          0.000000            1.0                                 1.0                  1.0         1.0                       0.0           1.0                0.0  0.0
210352          1.0                                          0.000000            1.0                                 0.0                  0.0         0.0                       0.0           0.0                1.0  0.0
210353          1.0                                          0.555556            1.0                                 1.0                  1.0         1.0                       0.0           1.0                1.0  1.0
210354          1.0                                          0.000000            1.0                                 1.0                  0.0         0.0                       1.0           0.0                1.0  0.0
210355          1.0                                          0.000000            0.0                                 0.0                  0.0         0.0                       0.0           0.0                0.0  0.0
210356          1.0                                          0.555556            1.0                                 1.0                  1.0         1.0                       0.0           1.0                1.0  1.0
210357          1.0                                          0.000000            1.0                                 0.0                  0.0         0.0                       1.0           0.0                1.0  0.0
210358          1.0                                          0.000000            1.0                                 0.0                  0.0         0.0                       0.0           1.0                1.0  0.0
210359          1.0                                          1.000000            1.0                                 1.0                  0.0         0.0                       1.0           1.0                1.0  1.0
210360          1.0                                          0.555556            1.0                                 1.0                  1.0         0.0                       0.0           1.0                1.0  1.0
210361          1.0                                          0.000000            1.0                                 1.0                  1.0         1.0                       0.0           1.0                0.0  1.0
210362          1.0                                          0.000000            1.0                                 0.0                  0.0         0.0                       0.0           0.0                1.0  0.0
210363          1.0                                          0.555556            1.0                                 1.0                  1.0         1.0                       1.0           0.0                1.0  0.0
210364          1.0                                          0.000000            1.0                                 0.0                  0.0         0.0                       1.0           0.0                1.0  0.0
210365          1.0                                          0.555556            1.0                                 0.0                  0.0         0.0                       1.0           1.0                0.0  1.0
210366          1.0                                          1.000000            1.0                                 1.0                  0.0         0.0                       1.0           1.0                1.0  1.0
210367          1.0                                          0.000000            1.0                                 0.0                  0.0         0.0                       0.0           0.0                1.0  0.0
210368          1.0                                          0.555556            1.0                                 1.0                  0.0         0.0                       1.0           0.0                1.0  0.0
210369          1.0                                          0.000000            0.0                                 0.0                  0.0         0.0                       0.0           0.0                0.0  0.0
210370          1.0                                          0.000000            1.0                                 0.0                  0.0         0.0                       0.0           1.0                0.0  0.0
210371          1.0                                          0.000000            1.0                                 0.0                  0.0         0.0                       0.0           0.0                1.0  0.0
210372          1.0                                          0.000000            1.0                                 0.0                  0.0         0.0                       0.0           0.0                1.0  0.0
210373          1.0                                          0.000000            1.0                                 1.0                  1.0         1.0                       0.0           1.0                0.0  0.0
210374          1.0                                          0.000000            1.0                                 1.0                  1.0         1.0                       0.0           1.0                0.0  0.0
210375          1.0                                          0.000000            1.0                                 1.0                  1.0         1.0                       0.0           1.0                0.0  0.0
210376          1.0                                          0.555556            1.0                                 1.0                  1.0         0.0                       0.0           1.0                1.0  1.0
210377          1.0                                          0.000000            0.0                                 1.0                  0.0         0.0                       0.0           0.0                0.0  0.0

[210378 rows x 10 columns]
[(0.2499, 'rastreamento_sisbov'), (0.2489, 'semi_confinamento'), (0.2487, 'lita_trace'), (0.2452, 'confinamento'), (0.2405, 'envolvido_em_organizacao'), (0.2399, 'ilp'), (0.2218, 'fabrica_racao'), (0.1985, 'tipificacao'), (0.1821, 'dispoe_de_identificacao_individual'), (0.1733, 'questionario_classificacao_estabelecimento_rural'), (0.1468, 'area_manejada_80_boa_cobertura_vegetal'), (0.1402, 'faz_controle_pastejo_regua_de_manejo_embrapa'), (0.1396, 'mesoregiao'), (0.1259, 'microrregiao'), (0.1141, 'estacao_abate'), (0.0819, 'mes_abate'), (0.079, 'fertirrigacao'), (0.0762, 'suplementacao'), (0.0603, 'ilpf'), (0.0576, 'maturidade'), (0.051, 'latitude'), (0.0433, 'ifp'), (0.0399, 'possui_outros_incentivos'), (0.0371, 'longitude'), (0.0278, 'apresenta_atestado_programas_controle_qualidade'), (0.0241, 'peso_carcaca'), (0.012, 'area_total_destinada_confinamento'), (0.0022, 'area_manejada_20_erosao')]
Caraterísticas ordenadas pelo rank RFE:
[(1, 'area_manejada_80_boa_cobertura_vegetal'), (1, 'confinamento'), (1, 'dispoe_de_identificacao_individual'), (1, 'envolvido_em_organizacao'), (1, 'estacao_abate'), (1, 'fabrica_racao'), (1, 'fertirrigacao'), (1, 'ifp'), (1, 'ilp'), (1, 'ilpf'), (1, 'latitude'), (1, 'lita_trace'), (1, 'longitude'), (1, 'maturidade'), (1, 'mes_abate'), (1, 'microrregiao'), (1, 'peso_carcaca'), (1, 'questionario_classificacao_estabelecimento_rural'), (1, 'rastreamento_sisbov'), (1, 'semi_confinamento'), (1, 'suplementacao'), (1, 'tipificacao'), (2, 'faz_controle_pastejo_regua_de_manejo_embrapa'), (3, 'possui_outros_incentivos'), (4, 'mesoregiao'), (5, 'apresenta_atestado_programas_controle_qualidade'), (6, 'area_total_destinada_confinamento'), (7, 'area_manejada_20_erosao')]
Características selecionadas [(False, 'apresenta_atestado_programas_controle_qualidade'), (False, 'area_manejada_20_erosao'), (False, 'area_total_destinada_confinamento'), (False, 'faz_controle_pastejo_regua_de_manejo_embrapa'), (False, 'mesoregiao'), (False, 'possui_outros_incentivos'), (True, 'area_manejada_80_boa_cobertura_vegetal'), (True, 'confinamento'), (True, 'dispoe_de_identificacao_individual'), (True, 'envolvido_em_organizacao'), (True, 'estacao_abate'), (True, 'fabrica_racao'), (True, 'fertirrigacao'), (True, 'ifp'), (True, 'ilp'), (True, 'ilpf'), (True, 'latitude'), (True, 'lita_trace'), (True, 'longitude'), (True, 'maturidade'), (True, 'mes_abate'), (True, 'microrregiao'), (True, 'peso_carcaca'), (True, 'questionario_classificacao_estabelecimento_rural'), (True, 'rastreamento_sisbov'), (True, 'semi_confinamento'), (True, 'suplementacao'), (True, 'tipificacao')]
Lasso model:  0.0 * tipificacao + -0.0 * maturidade + -0.0 * peso_carcaca + 0.0 * questionario_classificacao_estabelecimento_rural + 0.0 * possui_outros_incentivos + 0.0 * fabrica_racao + -0.0 * area_total_destinada_confinamento + -0.0 * area_manejada_80_boa_cobertura_vegetal + -0.0 * area_manejada_20_erosao + 0.0 * dispoe_de_identificacao_individual + -0.0 * rastreamento_sisbov + -0.0 * faz_controle_pastejo_regua_de_manejo_embrapa + -0.0 * lita_trace + -0.0 * apresenta_atestado_programas_controle_qualidade + 0.0 * envolvido_em_organizacao + 0.0 * confinamento + -0.0 * semi_confinamento + 0.0 * suplementacao + -0.0 * fertirrigacao + 0.0 * ifp + 0.0 * ilp + 0.0 * ilpf + -0.0 * latitude + 0.0 * longitude + -0.0 * mes_abate + -0.0 * estacao_abate + 0.0 * microrregiao + 0.0 * mesoregiao
/usr/local/lib/python3.6/dist-packages/sklearn/externals/joblib/externals/cloudpickle/cloudpickle.py:47: DeprecationWarning: the imp module is deprecated in favour of importlib; see the module's documentation for alternative uses
  import imp
/usr/local/lib/python3.6/dist-packages/sklearn/externals/joblib/externals/cloudpickle/cloudpickle.py:47: DeprecationWarning: the imp module is deprecated in favour of importlib; see the module's documentation for alternative uses
  import imp
Melhores parametros MNB : MultinomialNB(alpha=0.01, class_prior=None, fit_prior=True)
Validação cruzada MNB : [0.5979847  0.59754735 0.59779922 0.59908732 0.59933924]
MNB: (0.5984) +/- (0.001)
Matriz de Confusão Balanceado
[[    0   474   405     0     0]
 [    0 19725 61009    33     0]
 [    0 12243 98106   153     0]
 [    0   528 12991    92     0]
 [    0     0    60     0     0]]
Precision:  [0.         0.59827116 0.56849644 0.33093525 0.        ]
Recall:  [0.         0.24422103 0.88782103 0.00675924 0.        ]
F1 score:  [0.         0.34685283 0.69314982 0.01324789 0.        ]
                   pre       rec       spe        f1       geo       iba       sup

          1       0.00      0.00      1.00      0.00      0.00      0.00       879
          2       0.60      0.24      0.89      0.35      0.47      0.20     80767
          3       0.57      0.89      0.22      0.69      0.44      0.21    110502
          4       0.33      0.01      1.00      0.01      0.08      0.01     13611
          5       0.00      0.00      1.00      0.00      0.00      0.00        60

avg / total       0.56      0.57      0.54      0.51      0.43      0.19    205819

Validação cruzada MNB : [0.57107162 0.57038001 0.57197443 0.5704603  0.57205922]
MNB: (0.5712) +/- (0.001)
Matriz de Confusão Não Balanceado
[[    0   445   434     0     0]
 [    0 18886 61881     0     0]
 [    0 11855 98647     0     0]
 [    0   417 13194     0     0]
 [    0     0    60     0     0]]
Precision:  [0.         0.59760149 0.56623387 0.         0.        ]
Recall:  [0.         0.23383312 0.89271687 0.         0.        ]
F1 score:  [0.         0.33613954 0.6929453  0.         0.        ]
                   pre       rec       spe        f1       geo       iba       sup

          1       0.00      0.00      1.00      0.00      0.00      0.00       879
          2       0.60      0.23      0.90      0.34      0.46      0.20     80767
          3       0.57      0.89      0.21      0.69      0.43      0.20    110502
          4       0.00      0.00      1.00      0.00      0.00      0.00     13611
          5       0.00      0.00      1.00      0.00      0.00      0.00        60

avg / total       0.54      0.57      0.53      0.50      0.41      0.18    205819

Tempo de execução do MNB: 24.0915 segundos
Melhores parametros DTC : DecisionTreeClassifier(class_weight=None, criterion='gini', max_depth=19,
            max_features=23, max_leaf_nodes=None,
            min_impurity_decrease=0.0, min_impurity_split=None,
            min_samples_leaf=1, min_samples_split=5,
            min_weight_fraction_leaf=0.0, presort=False, random_state=None,
            splitter='best')
Validação cruzada DTC : [0.9101193  0.91263636 0.91291948 0.90732994 0.910275  ]
DTC: (0.9107) +/- (0.002)
Matriz de Confusão Balanceado
[[  549   269    43    18     0]
 [ 1365 50146 25856  3396     4]
 [  608 22099 76478 11308     9]
 [   27   332  2500 10734    18]
 [    2     1     5    35    17]]
Precision:  [0.21520972 0.68837426 0.72918137 0.4210898  0.35416667]
Recall:  [0.62457338 0.62087239 0.69209607 0.78862685 0.28333333]
F1 score:  [0.32011662 0.6528832  0.71015489 0.54902563 0.31481481]
                   pre       rec       spe        f1       geo       iba       sup

          1       0.22      0.62      0.99      0.32      0.79      0.60       879
          2       0.69      0.62      0.82      0.65      0.71      0.50     80767
          3       0.73      0.69      0.70      0.71      0.70      0.49    110502
          4       0.42      0.79      0.92      0.55      0.85      0.72     13611
          5       0.35      0.28      1.00      0.31      0.53      0.26        60

avg / total       0.69      0.67      0.76      0.68      0.71      0.51    205819

Validação cruzada DTC : [0.67917044 0.67817803 0.6769636  0.67911543 0.67876851]
DTC: (0.6784) +/- (0.001)
Matriz de Confusão Não Balanceado
[[  364   443    71     1     0]
 [  268 52872 27196   429     2]
 [   82 26525 80729  3159     7]
 [   10   786  5954  6847    14]
 [    0     1    22    19    18]]
Precision:  [0.50276243 0.65576048 0.7083231  0.65490196 0.43902439]
Recall:  [0.41410694 0.65462379 0.73056596 0.503049   0.3       ]
F1 score:  [0.45414847 0.65519164 0.71927261 0.56901853 0.35643564]
                   pre       rec       spe        f1       geo       iba       sup

          1       0.50      0.41      1.00      0.45      0.64      0.39       879
          2       0.66      0.65      0.78      0.66      0.71      0.50     80767
          3       0.71      0.73      0.65      0.72      0.69      0.48    110502
          4       0.65      0.50      0.98      0.57      0.70      0.47     13611
          5       0.44      0.30      1.00      0.36      0.55      0.28        60

avg / total       0.68      0.68      0.72      0.68      0.70      0.49    205819

Tempo de execução do DTC: 4524.7523 segundos
Melhores parametros K-NN : KNeighborsClassifier(algorithm='auto', leaf_size=30, metric='minkowski',
           metric_params=None, n_jobs=None, n_neighbors=12, p=2,
           weights='distance')
/usr/local/lib/python3.6/dist-packages/sklearn/externals/joblib/externals/cloudpickle/cloudpickle.py:47: DeprecationWarning: the imp module is deprecated in favour of importlib; see the module's documentation for alternative uses
  import imp
/usr/local/lib/python3.6/dist-packages/sklearn/externals/joblib/externals/cloudpickle/cloudpickle.py:47: DeprecationWarning: the imp module is deprecated in favour of importlib; see the module's documentation for alternative uses
  import imp
/usr/local/lib/python3.6/dist-packages/sklearn/externals/joblib/externals/cloudpickle/cloudpickle.py:47: DeprecationWarning: the imp module is deprecated in favour of importlib; see the module's documentation for alternative uses
  import imp
/usr/local/lib/python3.6/dist-packages/sklearn/externals/joblib/externals/cloudpickle/cloudpickle.py:47: DeprecationWarning: the imp module is deprecated in favour of importlib; see the module's documentation for alternative uses
  import imp
Validação cruzada K-NN : [0.95116213 0.95223043 0.952158   0.9531302  0.95234473]
K-NN: (0.9522) +/- (0.001)
Matriz de Confusão Balanceado
[[  577   242    43    17     0]
 [ 1008 50792 25663  3304     0]
 [  375 21320 77343 11453    11]
 [   17   248  2278 11057    11]
 [    0     1     4    27    28]]
Precision:  [0.29185635 0.69958542 0.73428525 0.42760461 0.56      ]
Recall:  [0.65642776 0.6288707  0.69992398 0.81235765 0.46666667]
F1 score:  [0.40406162 0.66234596 0.716693   0.56028782 0.50909091]
                   pre       rec       spe        f1       geo       iba       sup

          1       0.29      0.66      0.99      0.40      0.81      0.63       879
          2       0.70      0.63      0.83      0.66      0.72      0.51     80767
          3       0.73      0.70      0.71      0.72      0.70      0.49    110502
          4       0.43      0.81      0.92      0.56      0.87      0.74     13611
          5       0.56      0.47      1.00      0.51      0.68      0.44        60

avg / total       0.70      0.68      0.77      0.68      0.72      0.52    205819

/usr/local/lib/python3.6/dist-packages/sklearn/externals/joblib/externals/cloudpickle/cloudpickle.py:47: DeprecationWarning: the imp module is deprecated in favour of importlib; see the module's documentation for alternative uses
  import imp
/usr/local/lib/python3.6/dist-packages/sklearn/externals/joblib/externals/cloudpickle/cloudpickle.py:47: DeprecationWarning: the imp module is deprecated in favour of importlib; see the module's documentation for alternative uses
  import imp
/usr/local/lib/python3.6/dist-packages/sklearn/externals/joblib/externals/cloudpickle/cloudpickle.py:47: DeprecationWarning: the imp module is deprecated in favour of importlib; see the module's documentation for alternative uses
  import imp
/usr/local/lib/python3.6/dist-packages/sklearn/externals/joblib/externals/cloudpickle/cloudpickle.py:47: DeprecationWarning: the imp module is deprecated in favour of importlib; see the module's documentation for alternative uses
  import imp
Validação cruzada K-NN : [0.67484982 0.67975013 0.67318424 0.67633554 0.67481207]
K-NN: (0.6758) +/- (0.002)
Matriz de Confusão Não Balanceado
[[  473   336    69     1     0]
 [  252 52452 27419   644     0]
 [   67 28010 78601  3815     9]
 [    4   748  5379  7470    10]
 [    0     0     7    23    30]]
Precision:  [0.59422111 0.64321978 0.7050998  0.62494771 0.6122449 ]
Recall:  [0.53811149 0.64942365 0.71130839 0.54882081 0.5       ]
F1 score:  [0.56477612 0.64630683 0.70819049 0.58441558 0.55045872]
                   pre       rec       spe        f1       geo       iba       sup

          1       0.59      0.54      1.00      0.56      0.73      0.51       879
          2       0.64      0.65      0.77      0.65      0.71      0.49     80767
          3       0.71      0.71      0.66      0.71      0.68      0.47    110502
          4       0.62      0.55      0.98      0.58      0.73      0.51     13611
          5       0.61      0.50      1.00      0.55      0.71      0.47        60

avg / total       0.68      0.68      0.72      0.68      0.70      0.48    205819

Tempo de execução do K-NN: 29382.1284 segundos
