Accuracy (train) for MNB: 58.0297% 
Matriz de Confusão
[[     0   1575   1891      0      0]
 [     0  71725 249510      0      0]
 [     0  41326 402476      0      0]
 [     0    724  47755      0      0]
 [     0      0    187      0      0]]
              precision    recall  f1-score   support
           1     0.0000    0.0000    0.0000      3466
           2     0.6218    0.2233    0.3286    321235
           3     0.5735    0.9069    0.7026    443802
           4     0.0000    0.0000    0.0000     48479
           5     0.0000    0.0000    0.0000       187
    accuracy                         0.5803    817169
   macro avg     0.2391    0.2260    0.2062    817169
weighted avg     0.5559    0.5803    0.5108    817169
Accuracy (train) for RFC: 70.8752% 
Matriz de Confusão
[[   264   2674    521      6      1]
 [    56 208059 111947   1155     18]
 [     5  88772 346742   8045    238]
 [     2   2225  21887  23947    418]
 [     0      1     16     12    158]]
              precision    recall  f1-score   support
           1     0.8073    0.0762    0.1392      3466
           2     0.6896    0.6477    0.6680    321235
           3     0.7207    0.7813    0.7498    443802
           4     0.7221    0.4940    0.5866     48479
           5     0.1897    0.8449    0.3098       187
    accuracy                         0.7088    817169
   macro avg     0.6259    0.5688    0.4907    817169
weighted avg     0.7088    0.7088    0.7052    817169
Accuracy (train) for K-NN: 70.3982% 
Matriz de Confusão
[[   313   2580    541     20     12]
 [   133 206182 112981   1850     89]
 [    15  89905 343587   9878    417]
 [     0   2340  20628  25035    476]
 [     0      1     15     16    155]]
              precision    recall  f1-score   support
           1     0.6790    0.0903    0.1594      3466
           2     0.6850    0.6418    0.6627    321235
           3     0.7192    0.7742    0.7457    443802
           4     0.6803    0.5164    0.5871     48479
           5     0.1349    0.8289    0.2320       187
    accuracy                         0.7040    817169
   macro avg     0.5797    0.5703    0.4774    817169
weighted avg     0.7031    0.7040    0.7010    817169