Classes para balancear [2, 3]
(80.0, '/', 20.0)
EditedNearestNeighbours(kind_sel='mode', n_jobs=1, n_neighbors=4,
            random_state=None, ratio=None, return_indices=False,
            sampling_strategy=[2, 3])

X Treino          tipificacao     maturidade   peso_carcaca  questionario_classificacao_estabelecimento_rural  possui_outros_incentivos  fabrica_racao  area_total_destinada_confinamento  area_manejada_80_boa_cobertura_vegetal  area_manejada_20_erosao  dispoe_de_identificacao_individual  rastreamento_sisbov  faz_controle_pastejo_regua_de_manejo_embrapa     lita_trace  apresenta_atestado_programas_controle_qualidade  envolvido_em_organizacao   confinamento  semi_confinamento  suplementacao  fertirrigacao            ifp            ilp           ilpf       latitude      longitude      mes_abate  estacao_abate   microrregiao     mesoregiao
count  616039.000000  616039.000000  616039.000000                                     616039.000000             616039.000000  616039.000000                      616039.000000                           616039.000000            616039.000000                       616039.000000        616039.000000                                 616039.000000  616039.000000                                    616039.000000             616039.000000  616039.000000      616039.000000  616039.000000  616039.000000  616039.000000  616039.000000  616039.000000  616039.000000  616039.000000  616039.000000  616039.000000  616039.000000  616039.000000
mean        0.420862       0.247367       0.389474                                          0.395066                  0.056256       0.659091                           0.017772                                0.808478                 0.002373                            0.752168             0.487153                                      0.818315       0.451506                                         0.025631                  0.348932       0.610125           0.502035       0.908092       0.090587       0.049505       0.421087       0.053906       0.516551       0.546209       0.615921       0.636986       0.516223       0.414630
std         0.435904       0.239293       0.152237                                          0.405035                  0.230416       0.474015                           0.132120                                0.393499                 0.048658                            0.431754             0.499835                                      0.385585       0.497643                                         0.158033                  0.476633       0.487722           0.499996       0.288896       0.287021       0.216920       0.493734       0.225832       0.235163       0.192501       0.305943       0.364271       0.356082       0.381933
min         0.000000       0.000000       0.000000                                          0.000000                  0.000000       0.000000                           0.000000                                0.000000                 0.000000                            0.000000             0.000000                                      0.000000       0.000000                                         0.000000                  0.000000       0.000000           0.000000       0.000000       0.000000       0.000000       0.000000       0.000000       0.000000       0.000000       0.000000       0.000000       0.000000       0.000000
25%         0.000000       0.000000       0.280000                                          0.000000                  0.000000       0.000000                           0.000000                                1.000000                 0.000000                            1.000000             0.000000                                      1.000000       0.000000                                         0.000000                  0.000000       0.000000           0.000000       1.000000       0.000000       0.000000       0.000000       0.000000       0.352884       0.445171       0.363636       0.333333       0.200000       0.000000
50%         0.500000       0.250000       0.401333                                          0.555556                  0.000000       1.000000                           0.000000                                1.000000                 0.000000                            1.000000             0.000000                                      1.000000       0.000000                                         0.000000                  0.000000       1.000000           1.000000       1.000000       0.000000       0.000000       0.000000       0.000000       0.551702       0.543821       0.636364       0.666667       0.500000       0.333333
75%         1.000000       0.250000       0.493333                                          0.555556                  0.000000       1.000000                           0.000000                                1.000000                 0.000000                            1.000000             1.000000                                      1.000000       1.000000                                         0.000000                  1.000000       1.000000           1.000000       1.000000       0.000000       0.000000       1.000000       0.000000       0.694299       0.668657       0.909091       1.000000       0.800000       0.666667
max         1.000000       1.000000       1.000000                                          1.000000                  1.000000       1.000000                           1.000000                                1.000000                 1.000000                            1.000000             1.000000                                      1.000000       1.000000                                         1.000000                  1.000000       1.000000           1.000000       1.000000       1.000000       1.000000       1.000000       1.000000       1.000000       1.000000       1.000000       1.000000       1.000000       1.000000

Validação cruzada MNB : [0.62293645 0.61887524 0.61999221 0.62097625 0.62057043]
MNB: (0.6207) +/- (0.001)
Matriz de Confusão Balanceado
[[    0   604   406     0     0]
 [    0 45706 39342     0     0]
 [    0 35057 77601     0     0]
 [    0  1860 10695     0     0]
 [    0     0    47     0     0]]
                   pre       rec       spe        f1       geo       iba       sup
          1     0.0000    0.0000    1.0000    0.0000    0.0000    0.0000      1010
          2     0.5492    0.5374    0.7029    0.5432    0.6146    0.3715     85048
          3     0.6058    0.6888    0.4882    0.6447    0.5799    0.3431    112658
          4     0.0000    0.0000    1.0000    0.0000    0.0000    0.0000     12555
          5     0.0000    0.0000    1.0000    0.0000    0.0000    0.0000        47
avg / total     0.5440    0.5835    0.6076    0.5623    0.5565    0.3324    211318
Tempo de execução do MNB: 1.4678 segundos
Validação cruzada RFC : [0.92 0.92 0.92 0.92 0.92]
RFC: (0.9190) +/- (0.001)
Matriz de Confusão Balanceado
[[  548   403    49    10     0]
 [  688 61169 21786  1404     1]
 [  226 33677 72774  5972     9]
 [   10   589  3922  8021    13]
 [    0     2     1    14    30]]
                   pre       rec       spe        f1       geo       iba       sup
          1     0.3723    0.5426    0.9956    0.4416    0.7350    0.5157      1010
          2     0.6382    0.7192    0.7254    0.6763    0.7223    0.5214     85048
          3     0.7386    0.6460    0.7389    0.6892    0.6909    0.4729    112658
          4     0.5201    0.6389    0.9628    0.5734    0.7843    0.5952     12555
          5     0.5660    0.6383    0.9999    0.6000    0.7989    0.6152        47
avg / total     0.6834    0.6745    0.7481    0.6759    0.7093    0.4999    211318
Tempo de execução do RFC: 918.7658 segundos
Validação cruzada K-NN : [0.88 0.88 0.88 0.88 0.88]
K-NN: (0.8799) +/- (0.001)
Matriz de Confusão Balanceado
[[  343   579    81     7     0]
 [  452 61743 22022   830     1]
 [  131 33001 75331  4188     7]
 [    5   646  4475  7420     9]
 [    0     2     6    20    19]]
                   pre       rec       spe        f1       geo       iba       sup
          1     0.3684    0.3396    0.9972    0.3534    0.5819    0.3164      1010
          2     0.6434    0.7260    0.7289    0.6822    0.7275    0.5290     85048
          3     0.7392    0.6687    0.7305    0.7021    0.6989    0.4855    112658
          4     0.5953    0.5910    0.9746    0.5931    0.7589    0.5539     12555
          5     0.5278    0.4043    0.9999    0.4578    0.6358    0.3801        47
avg / total     0.6902    0.6855    0.7457    0.6859    0.7134    0.5062    211318
Tempo de execução do K-NN: 2980.3307 segundos
Validação cruzada SVM : [0.72517653 0.72424904 0.72285891 0.72746457 0.7256059 ]
SVM: (0.7251) +/- (0.002)
Matriz de Confusão Balanceado
[[    0   817   192     1     0]
 [    0 58046 26861   141     0]
 [    0 35312 76576   770     0]
 [    0  1325  9216  2014     0]
 [    0     0    41     6     0]]
                   pre       rec       spe        f1       geo       iba       sup
          1     0.0000    0.0000    1.0000    0.0000    0.0000    0.0000      1010
          2     0.6078    0.6825    0.7034    0.6430    0.6929    0.4791     85048
          3     0.6783    0.6797    0.6320    0.6790    0.6554    0.4316    112658
          4     0.6869    0.1604    0.9954    0.2601    0.3996    0.1463     12555
          5     0.0000    0.0000    1.0000    0.0000    0.0000    0.0000        47