[(1, 178), (2, 178), (3, 178), (4, 178), (5, 178)]
[[-8.32667268e-17  0.00000000e+00  1.00000000e+00 ...  7.97545581e-01
   4.88933702e-01 -1.11022302e-16]
 [-8.32667268e-17  1.00000000e+00 -1.11022302e-16 ...  6.46290640e-01
   5.61250460e-01  1.00000000e+00]
 [-3.60822483e-16 -3.33066907e-16  1.00000000e+00 ...  6.92865105e-01
   5.68758078e-01  1.00000000e+00]
 ...
 [ 0.00000000e+00  1.00000000e+00  0.00000000e+00 ...  8.54469042e-01
   4.61524862e-01  1.00000000e+00]
 [ 0.00000000e+00  1.00000000e+00  0.00000000e+00 ...  5.50767885e-01
   7.37325967e-01  0.00000000e+00]
 [ 0.00000000e+00  1.00000000e+00  0.00000000e+00 ...  4.97695565e-01
   9.10924494e-01  0.00000000e+00]]
[1 1 1 1 1 1 1 1 1 1 1 1 1 1 1 1 1 1 1 1 1 1 1 1 1 1 1 1 1 1 1 1 1 1 1 1 1
 1 1 1 1 1 1 1 1 1 1 1 1 1 1 1 1 1 1 1 1 1 1 1 1 1 1 1 1 1 1 1 1 1 1 1 1 1
 1 1 1 1 1 1 1 1 1 1 1 1 1 1 1 1 1 1 1 1 1 1 1 1 1 1 1 1 1 1 1 1 1 1 1 1 1
 1 1 1 1 1 1 1 1 1 1 1 1 1 1 1 1 1 1 1 1 1 1 1 1 1 1 1 1 1 1 1 1 1 1 1 1 1
 1 1 1 1 1 1 1 1 1 1 1 1 1 1 1 1 1 1 1 1 1 1 1 1 1 1 1 1 1 1 2 2 2 2 2 2 2
 2 2 2 2 2 2 2 2 2 2 2 2 2 2 2 2 2 2 2 2 2 2 2 2 2 2 2 2 2 2 2 2 2 2 2 2 2
 2 2 2 2 2 2 2 2 2 2 2 2 2 2 2 2 2 2 2 2 2 2 2 2 2 2 2 2 2 2 2 2 2 2 2 2 2
 2 2 2 2 2 2 2 2 2 2 2 2 2 2 2 2 2 2 2 2 2 2 2 2 2 2 2 2 2 2 2 2 2 2 2 2 2
 2 2 2 2 2 2 2 2 2 2 2 2 2 2 2 2 2 2 2 2 2 2 2 2 2 2 2 2 2 2 2 2 2 2 2 2 2
 2 2 2 2 2 2 2 2 2 2 2 2 2 2 2 2 2 2 2 2 2 2 2 3 3 3 3 3 3 3 3 3 3 3 3 3 3
 3 3 3 3 3 3 3 3 3 3 3 3 3 3 3 3 3 3 3 3 3 3 3 3 3 3 3 3 3 3 3 3 3 3 3 3 3
 3 3 3 3 3 3 3 3 3 3 3 3 3 3 3 3 3 3 3 3 3 3 3 3 3 3 3 3 3 3 3 3 3 3 3 3 3
 3 3 3 3 3 3 3 3 3 3 3 3 3 3 3 3 3 3 3 3 3 3 3 3 3 3 3 3 3 3 3 3 3 3 3 3 3
 3 3 3 3 3 3 3 3 3 3 3 3 3 3 3 3 3 3 3 3 3 3 3 3 3 3 3 3 3 3 3 3 3 3 3 3 3
 3 3 3 3 3 3 3 3 3 3 3 3 3 3 3 3 4 4 4 4 4 4 4 4 4 4 4 4 4 4 4 4 4 4 4 4 4
 4 4 4 4 4 4 4 4 4 4 4 4 4 4 4 4 4 4 4 4 4 4 4 4 4 4 4 4 4 4 4 4 4 4 4 4 4
 4 4 4 4 4 4 4 4 4 4 4 4 4 4 4 4 4 4 4 4 4 4 4 4 4 4 4 4 4 4 4 4 4 4 4 4 4
 4 4 4 4 4 4 4 4 4 4 4 4 4 4 4 4 4 4 4 4 4 4 4 4 4 4 4 4 4 4 4 4 4 4 4 4 4
 4 4 4 4 4 4 4 4 4 4 4 4 4 4 4 4 4 4 4 4 4 4 4 4 4 4 4 4 4 4 4 4 4 4 4 4 4
 4 4 4 4 4 4 4 4 4 5 5 5 5 5 5 5 5 5 5 5 5 5 5 5 5 5 5 5 5 5 5 5 5 5 5 5 5
 5 5 5 5 5 5 5 5 5 5 5 5 5 5 5 5 5 5 5 5 5 5 5 5 5 5 5 5 5 5 5 5 5 5 5 5 5
 5 5 5 5 5 5 5 5 5 5 5 5 5 5 5 5 5 5 5 5 5 5 5 5 5 5 5 5 5 5 5 5 5 5 5 5 5
 5 5 5 5 5 5 5 5 5 5 5 5 5 5 5 5 5 5 5 5 5 5 5 5 5 5 5 5 5 5 5 5 5 5 5 5 5
 5 5 5 5 5 5 5 5 5 5 5 5 5 5 5 5 5 5 5 5 5 5 5 5 5 5 5 5 5 5 5 5 5 5 5 5 5
 5 5]
Melhores parametros : SVC(C=1000, cache_size=200, class_weight='balanced', coef0=0.0,
  decision_function_shape='ovr', degree=3, gamma=0.01, kernel='rbf',
  max_iter=-1, probability=False, random_state=None, shrinking=True,
  tol=0.001, verbose=False)
Matriz de Confusão Treino
[[125  34   5  11   3]
 [ 26  79  66   7   0]
 [  4  66  73  35   0]
 [  7   8  52  99  12]
 [  1   1   0   6 170]]
Precision:  0.6210068217186774
Recall:  0.6134831460674157


[(1, 178), (2, 178), (3, 178), (4, 178), (5, 178)]
[[-8.32667268e-17  0.00000000e+00  1.00000000e+00 ...  7.97545581e-01
   4.88933702e-01 -1.11022302e-16]
 [-8.32667268e-17  1.00000000e+00 -1.11022302e-16 ...  6.46290640e-01
   5.61250460e-01  1.00000000e+00]
 [-3.60822483e-16 -3.33066907e-16  1.00000000e+00 ...  6.92865105e-01
   5.68758078e-01  1.00000000e+00]
 ...
 [ 0.00000000e+00  1.00000000e+00  0.00000000e+00 ...  8.54469042e-01
   4.61524862e-01  1.00000000e+00]
 [ 0.00000000e+00  1.00000000e+00  0.00000000e+00 ...  5.50767885e-01
   7.37325967e-01  0.00000000e+00]
 [ 0.00000000e+00  1.00000000e+00  0.00000000e+00 ...  4.97695565e-01
   9.10924494e-01  0.00000000e+00]]
[1 1 1 1 1 1 1 1 1 1 1 1 1 1 1 1 1 1 1 1 1 1 1 1 1 1 1 1 1 1 1 1 1 1 1 1 1
 1 1 1 1 1 1 1 1 1 1 1 1 1 1 1 1 1 1 1 1 1 1 1 1 1 1 1 1 1 1 1 1 1 1 1 1 1
 1 1 1 1 1 1 1 1 1 1 1 1 1 1 1 1 1 1 1 1 1 1 1 1 1 1 1 1 1 1 1 1 1 1 1 1 1
 1 1 1 1 1 1 1 1 1 1 1 1 1 1 1 1 1 1 1 1 1 1 1 1 1 1 1 1 1 1 1 1 1 1 1 1 1
 1 1 1 1 1 1 1 1 1 1 1 1 1 1 1 1 1 1 1 1 1 1 1 1 1 1 1 1 1 1 2 2 2 2 2 2 2
 2 2 2 2 2 2 2 2 2 2 2 2 2 2 2 2 2 2 2 2 2 2 2 2 2 2 2 2 2 2 2 2 2 2 2 2 2
 2 2 2 2 2 2 2 2 2 2 2 2 2 2 2 2 2 2 2 2 2 2 2 2 2 2 2 2 2 2 2 2 2 2 2 2 2
 2 2 2 2 2 2 2 2 2 2 2 2 2 2 2 2 2 2 2 2 2 2 2 2 2 2 2 2 2 2 2 2 2 2 2 2 2
 2 2 2 2 2 2 2 2 2 2 2 2 2 2 2 2 2 2 2 2 2 2 2 2 2 2 2 2 2 2 2 2 2 2 2 2 2
 2 2 2 2 2 2 2 2 2 2 2 2 2 2 2 2 2 2 2 2 2 2 2 3 3 3 3 3 3 3 3 3 3 3 3 3 3
 3 3 3 3 3 3 3 3 3 3 3 3 3 3 3 3 3 3 3 3 3 3 3 3 3 3 3 3 3 3 3 3 3 3 3 3 3
 3 3 3 3 3 3 3 3 3 3 3 3 3 3 3 3 3 3 3 3 3 3 3 3 3 3 3 3 3 3 3 3 3 3 3 3 3
 3 3 3 3 3 3 3 3 3 3 3 3 3 3 3 3 3 3 3 3 3 3 3 3 3 3 3 3 3 3 3 3 3 3 3 3 3
 3 3 3 3 3 3 3 3 3 3 3 3 3 3 3 3 3 3 3 3 3 3 3 3 3 3 3 3 3 3 3 3 3 3 3 3 3
 3 3 3 3 3 3 3 3 3 3 3 3 3 3 3 3 4 4 4 4 4 4 4 4 4 4 4 4 4 4 4 4 4 4 4 4 4
 4 4 4 4 4 4 4 4 4 4 4 4 4 4 4 4 4 4 4 4 4 4 4 4 4 4 4 4 4 4 4 4 4 4 4 4 4
 4 4 4 4 4 4 4 4 4 4 4 4 4 4 4 4 4 4 4 4 4 4 4 4 4 4 4 4 4 4 4 4 4 4 4 4 4
 4 4 4 4 4 4 4 4 4 4 4 4 4 4 4 4 4 4 4 4 4 4 4 4 4 4 4 4 4 4 4 4 4 4 4 4 4
 4 4 4 4 4 4 4 4 4 4 4 4 4 4 4 4 4 4 4 4 4 4 4 4 4 4 4 4 4 4 4 4 4 4 4 4 4
 4 4 4 4 4 4 4 4 4 5 5 5 5 5 5 5 5 5 5 5 5 5 5 5 5 5 5 5 5 5 5 5 5 5 5 5 5
 5 5 5 5 5 5 5 5 5 5 5 5 5 5 5 5 5 5 5 5 5 5 5 5 5 5 5 5 5 5 5 5 5 5 5 5 5
 5 5 5 5 5 5 5 5 5 5 5 5 5 5 5 5 5 5 5 5 5 5 5 5 5 5 5 5 5 5 5 5 5 5 5 5 5
 5 5 5 5 5 5 5 5 5 5 5 5 5 5 5 5 5 5 5 5 5 5 5 5 5 5 5 5 5 5 5 5 5 5 5 5 5
 5 5 5 5 5 5 5 5 5 5 5 5 5 5 5 5 5 5 5 5 5 5 5 5 5 5 5 5 5 5 5 5 5 5 5 5 5
 5 5]
Melhores parametros : SVC(C=1000, cache_size=200, class_weight='balanced', coef0=0.0,
  decision_function_shape='ovr', degree=3, gamma=0.01, kernel='rbf',
  max_iter=-1, probability=False, random_state=None, shrinking=True,
  tol=0.001, verbose=False)
Matriz de Confusão Treino
[[125  34   5  11   3]
 [ 26  79  66   7   0]
 [  4  66  73  35   0]
 [  7   8  52  99  12]
 [  1   1   0   6 170]]
Precision:  0.6210068217186774
Recall:  0.6134831460674157
Matriz de Confusão Teste
[[  247    14    15    15     2]
 [10923  6956  4285  4400   359]
 [ 9301  6716  8831 10746  1240]
 [  561   304   526  2730   416]
 [    0     0     1     1    18]]
Precision:  0.552399688391446
Recall:  0.27376215255003133

Process finished with exit code 0



/usr/bin/python3 /home/higornucci/projetos/classificacao-aulas/dissertacao/balanceando.py
/usr/local/lib/python3.6/dist-packages/sklearn/externals/joblib/externals/cloudpickle/cloudpickle.py:47: DeprecationWarning: the imp module is deprecated in favour of importlib; see the module's documentation for alternative uses
  import imp
[(1, 18417), (2, 18417), (3, 18417), (4, 18417), (5, 18417)]
[[0.         0.         1.         ... 0.55087725 0.60770534 0.        ]
 [0.         0.         1.         ... 0.78828878 0.4479116  1.        ]
 [0.         0.         1.         ... 0.69301795 0.56581952 1.        ]
 ...
 [0.         1.         0.         ... 0.64908245 0.52946538 0.6703979 ]
 [0.         1.         0.         ... 0.74379323 0.71507084 0.        ]
 [0.         1.         0.         ... 0.77969067 0.69726811 0.08008091]]
[2 2 2 ... 5 5 5]
Melhores parametros : SVC(C=1000, cache_size=200, class_weight='balanced', coef0=0.0,
  decision_function_shape='ovr', degree=3, gamma=0.01, kernel='rbf',
  max_iter=-1, probability=False, random_state=None, shrinking=True,
  tol=0.001, verbose=False)
Matriz de Confusão Treino
[[17872   380   157     8     0]
 [  882 12318  3870  1268    79]
 [  316  6229  8318  3495    59]
 [   85   758  1614 15898    62]
 [    0     0     0     0 18417]]
Precision:  0.7826184122951354
Recall:  0.790823695498724
Matriz de Confusão Teste
[[  1540    803    357     84      0]
 [ 11715 170715  55319  17104    909]
 [  5895 117361 160849  64548   1269]
 [   160   3007   6576  33168    191]
 [     0      5      6    129     48]]
Precision:  0.6359944635368058
Recall:  0.5620491041153312

Process finished with exit code 0
